CSF	WhiteMatter	GlobalSignal	stdDVARS	non-stdDVARS	vx-wisestdDVARS	FramewiseDisplacement	tCompCor00	tCompCor01	tCompCor02	tCompCor03	tCompCor04	tCompCor05	aCompCor00	aCompCor01	aCompCor02	aCompCor03	aCompCor04	aCompCor05	Cosine00	Cosine01	Cosine02	Cosine03	Cosine04	Cosine05	NonSteadyStateOutlier00	X	Y	Z	RotX	RotY	RotZ
7484.626	7067.608	9680.573	n/a	n/a	n/a	n/a	0.0	0.0	0.0	0.0	0.0	0.0	0.0	0.0	0.0	0.0	0.0	0.0	0.0	0.0	0.0	0.0	0.0	0.0	1.0	0.0	0.0	0.0	0.0	-0.0	0.0
7371.2563	7057.53	9612.918	1.07687902	53.06133652	1.05148745	0.14235359999999997	-0.0662906142	0.0048350826	-0.0710054459	0.0019678919	-0.0157988484	0.0537640238	0.060468733	-0.0053669564	0.041959832	0.0366102347	-0.042236129299999994	0.0531226041	0.0665186088	0.0665174038	0.0665153954	0.0665125838	0.0665089688	0.06650455059999999	0.0	-0.0099887	-0.0582808	-0.0145013	0.0007462159999999998	-0.00044544	0.0
7271.9644	7062.656	9565.02	1.03449392	50.97288513	1.01382625	0.12427321	0.00041914839999999997	0.0713694263	-0.0238112995	0.033477621	0.013176572	-0.0674174087	-0.0385093102	-0.0516034323	-0.0080947091	0.0355023529	-0.0926491846	0.0180910437	0.0665153954	0.06650455059999999	0.06648647719999999	0.0664611772	0.0664286533	0.0663889091	0.0	-0.0182066	0.00399666	0.0230532	0.000683955	-0.000378259	0.000195025
7233.2935	7050.6045	9550.089	1.04054046	51.2708168	1.0210079	0.16163824	-0.0504565356	0.023017800699999997	0.0245507758	-0.0179321796	0.07506126839999999	-0.0195487188	0.027731413599999997	0.0680975467	-0.0797023353	0.0346000523	-0.0412580388	-0.026790905	0.0665089688	0.0664788467	0.0664286533	0.0663584038	0.0662681193	0.0661578271	0.0	-0.007815749999999998	0.078188	0.0108046	-0.000154388	-0.000115478	0.0
7211.0986	7053.03	9528.83	1.02067578	50.29201889	1.00082994	0.17448734	-0.025199140800000002	-0.024892983799999997	0.0465444514	0.08763959560000001	0.0197201297	0.040322667799999996	0.0335171504	-0.00047823440000000004	-0.0153666722	-0.0628114087	-0.011926102	-0.0288363198	0.0664993292	0.0664402971	0.0663419489	0.0662043429	0.0660275606	0.0658117066	0.0	-0.0158339	-0.0263795	-0.00591534	0.000533139	-0.000331586	0.0
7221.628000000001	7053.1016	9525.898000000001	0.99235618	48.8966217	0.97803253	0.03762396	0.041361394700000005	-0.050124439400000005	-0.056642190099999996	0.07785490769999999	0.035363118	0.0162874428	-0.039567081000000004	0.0040950547	0.0583754612	-0.019779201399999998	-0.009606932299999999	-0.0417002327	0.06648647719999999	0.0663889091	0.0662264016	0.0659991137	0.0657072678	0.0653511492	0.0	-0.0166213	-0.0132389	0.00476392	0.000649092	-0.000311999	0.000124794
7188.804	7041.3604	9535.525	1.01589668	50.05654144	1.00107217	0.19013282676	0.0412256993	-0.0135386676	-0.0523717951	-0.022680131200000002	0.0955158735	0.0023283897	-0.051964195	0.0626907159	0.018746634499999998	0.0657929922	-0.0164873122	-0.0226831904	0.0664704133	0.0663246928	0.0660820618	0.0657428748	0.0653076276	0.0647769559	0.0	6.51676e-06	0.0818049	0.0200008	-0.000255156	-7.65544e-05	0.0
7254.2896	7077.994000000001	9560.777	1.18236089	58.2587738	1.1309222	0.3262039032399999	0.10393123650000001	0.0657215762	0.03057971	-0.028463996600000003	-0.10447168710000002	-0.0650189558	-0.0904533899	-0.0132263556	-0.0869297175	0.0172411133	0.0305251869	0.059353958899999996	0.0664511384	0.0662476605	0.0659089921	0.06543582419999999	0.0648291226	0.0640901252	0.0	0.0358443	-0.0712052	0.0227199	0.0012494	0.000674257	-0.000437371
7180.055	7064.7583	9568.485	1.16565895	57.4358139	1.11690104	0.11541295	0.057928569400000005	-0.0190202989	0.0771372304	-0.07519501099999999	-0.0299634122	0.0008607407	-0.0192169905	0.009379413199999999	-0.0318601493	-0.0219786802	0.1323307572	0.0359055815	0.0664286533	0.0661578271	0.0657072678	0.0650781993	0.0642723306	0.0632918512	0.0	0.0188579	-0.0693128	-0.025026	0.00167458	0.000251544	-0.000309499
7157.683000000001	7043.35	9569.187	1.01234901	49.88173676	0.99809974	0.0817111885	0.0327594447	-0.0624144262	-0.00035943879999999996	-0.042666241900000006	-0.0491229942	0.0623733525	-0.0125622731	-0.0177630343	0.0804233803	-0.0328566107	0.0874585771	0.0667903128	0.0664029592	0.0660552101	0.0654769766	0.0646702763	0.0636379241	0.0623835221	0.0	0.00597339	-0.0662102	-0.00311413	0.00130654	-2.24647e-06	-5.50853e-05
7154.996999999999	7056.245	9563.824	0.97715962	48.14783859	0.97285187	0.1237262985	0.0123061898	0.024139361600000003	-0.027689869500000002	-0.082779097	-0.0165344046	0.0070594176	-0.021977902400000002	-0.0237873106	0.0330290175	0.025722895699999998	0.0170405563	0.0951513538	0.0663740572	0.0659398291	0.0652182186	0.06421237070000001	0.0629266692	0.0613667174	0.0	0.0206185	-0.0347968	0.016614	0.000593187	0.00024379	-0.000254489
7197.3843	7054.3506	9568.412	1.02671897	50.58979034	1.01142752	0.16570265	-0.0562742662	0.0164828965	0.0526993845	-0.0759123142	0.0667289846	0.024112313	0.0316769203	0.059082172800000006	-0.0812446571	0.0413372007	-0.0226786193	0.0677449391	0.0663419489	0.0658117066	0.0649311064	0.0637048363	0.0621394246	0.060243205	0.0	0.0208428	0.0782271	0.0111614	-0.000164185	0.00041939	-0.000247424
7188.366	7074.8604	9552.201	1.03646541	51.0700264	1.01411283	0.1873886	-0.0664590689	-0.023395515	0.0435539918	0.0289703374	-0.0350870057	0.0750742816	0.072521588	-0.0005568578	-0.0108801495	-0.0596488978	-0.0226985448	0.0029700787	0.0663066357	0.0656708672	0.0646157647	0.0631480654	0.0612771412	0.0590149387	0.0	0.0208489	-0.0277952	-0.0328676	0.000557508	0.00041939	-0.000272355
7165.705	7066.8564	9532.344000000001	0.99398345	48.97680283	0.97861648	0.05274199	-0.013703049299999999	-0.0523030381	-0.0423714487	0.065682535	-0.0218726724	-0.017398544499999998	0.0009688508999999999	-0.0091343849	0.0780880234	-0.039576398799999996	-0.035725805	0.012121386599999999	0.0662681193	0.0655173382	0.0642723306	0.0625424883	0.0603408602	0.0576840542	0.0	0.023128	-0.0300977	-0.00334861	0.000738922	0.000298219	-0.000342598
7173.1514	7069.5894	9537.614	1.02499926	50.50505447	1.00474548	0.21073586	-0.0089665067	-0.0242971314	-0.0611440026	0.0082706934	0.1013533534	-0.0439269884	-0.013073739	0.059825804	0.005543226	0.0446883117	-0.0888497213	-0.0338588664	0.0662264016	0.0653511492	0.0639009535	0.0618885731	0.0593317122	0.0562528657	0.0	0.0196628	0.0839493	0.0227629	-0.000369093	0.00041939	-0.000229541
7218.1924	7060.9033	9540.168	1.04138708	51.31253433	1.01642203	0.20818835	-0.0697618644	0.0708981824	-0.04301066059999999	-0.0073548752	0.0330825362	0.032206504	0.0729175708	-0.016785074599999998	-0.0352772031	0.07184923530000001	-0.0029841991	-0.0527420863	0.0661814847	0.0651723324	0.0635017949	0.061186825099999995	0.0582509159	0.054723861799999995	0.0	0.0231129	-0.0271267	-0.024759	0.000412204	0.00041939	-0.000371051
7175.2417	7058.3516	9517.125	0.99269009	48.91307449	0.979756	0.061807449999999986	-0.0122214779	0.0668479582	0.0376654681	0.0778937359	0.006666886899999999	0.0106423597	0.0087249724	-0.0674427791	-0.033239023799999996	-0.0275333417	-0.0145877241	-0.0434817706	0.06613337059999999	0.06498092230000001	0.0630750281	0.0604377867	0.057099776500000005	0.053099701299999996	0.0	0.0231462	-0.0472586	-0.0110106	0.000876609	0.00041939	-0.000277579
7165.929	7057.2617	9524.28	1.0324415	50.87175751	1.01212323	0.18073992	0.0165790453	-0.03696426	0.0649645509	0.0416343453	0.0559000107	-0.0687739166	-0.0382376111	0.0632210036	-0.0633355099	-0.04056327	-0.0384013879	-0.0691382979	0.0660820618	0.0647769559	0.0626208389	0.0596420368	0.0558796839	0.051383208300000004	0.0	0.0211084	0.0610824	0.00545372	-0.000198578	0.00041939	-0.000280328
7168.882	7049.9243	9528.408000000001	1.02536666	50.52315903	1.00022364	0.16106332	0.0208626043	-0.0413383333	-0.0105937906	0.0272126435	-0.0386454323	0.0186909712	-0.0037608653000000005	0.006483075400000001	0.0558017497	-0.0210205334	0.0348968729	-0.058473638200000004	0.0660275606	0.0645604726	0.0621394246	0.058800190599999996	0.0545921117	0.0495773675	0.0	0.0231445	-0.0476583	-0.0154	0.000374128	0.00041939	-0.000296278
7210.475	7053.7603	9537.02	0.9773069	48.15509415	0.96993995	0.03728065	0.0846165991	0.0031599668	-0.0715772556	0.0059463827	-0.0177989721	0.0612713087	-0.0595057512	-0.036995662	0.0647330771	0.022260843399999997	0.0250494901	0.021289823700000002	0.06596986980000001	0.0643315143	0.0616309946	0.0579128985	0.0532386146	0.0476853191	0.0	0.02314	-0.0473396	0.00511815	0.000578053	0.000344838	-0.000346587
7169.5740000000005	7041.437	9553.7705	1.02073371	50.2948761	1.00362885	0.16715214	0.04220035849999999	0.0251759978	-0.015499554399999999	-0.0856800847	0.0385430607	-0.026138223399999997	-0.0381806254	0.051229251600000004	-0.0270887635	0.0689195741	0.01914238	0.0350355965	0.0659089921	0.0640901252	0.0610957699	0.0569808464	0.051820827199999996	0.0457103529	0.0	0.0206197	0.0609324	0.00527544	-0.000342596	0.00041939	-0.000217737
7216.473000000001	7052.641	9559.325	1.01650023	50.08628082	0.99827868	0.16116033999999999	-0.0397875617	0.0755454534	0.0119450177	-0.043753372400000004	0.0037355555	0.0812065637	0.0554744254	-0.034395527099999997	-0.05293640559999999	0.0629119092	0.040073014	0.0720481004	0.0658449304	0.0638363518	0.0605339832	0.0560047547	0.050340461399999994	0.0436559033	0.0	0.023127	-0.0324139	-0.0235238	0.000276133	0.00041939	-0.000329158
7177.024	7052.566999999999	9542.610999999999	0.96563715	47.58008957	0.96232814	0.06209875	-0.041746612999999995	0.0260076579	0.0565944376	-0.0062165771	-0.0006713869	0.0774349958	0.0471080866	-0.0462942196	-0.0180966839	-0.06481327740000001	-0.011236206200000001	0.054127561399999996	0.0657776879	0.0635702434	0.0599458788	0.054985377800000006	0.048799305099999996	0.0415255426	0.0	0.0209617	-0.0471094	-0.0109803	0.000860676	0.00041939	-0.000259812
7171.5615	7061.496999999999	9533.734	0.99988133	49.26741028	0.98972476	0.18055756	-0.028936399900000003	-0.0236362184	0.064847781	0.047282497400000005	0.0079814558	-0.0274479004	-0.014616562	0.0090788088	-0.0169178564	-0.0929050353	-0.089050241	0.055135641500000006	0.0657072678	0.0632918512	0.0593317122	0.053923503399999996	0.0471992193	0.0393229751	0.0	0.018682	0.0329371	0.0117123	-0.000346656	0.000289976	-8.57828e-05
7208.9243	7050.3833	9531.868	1.03919375	51.20446396	1.01173651	0.050957174999999987	-0.0794299412	-0.058286765899999995	0.007982763	0.0132629677	-0.0635603746	-0.12307441289999999	0.0804710775	0.0625531117	-0.0053686823	-0.0174251233	0.0092531583	-0.0442508026	0.06563367349999999	0.0630012291	0.058691750599999995	0.0528199524	0.0455421363	0.0370520308	0.0	0.0193148	0.0157763	-0.00941021	-0.000244904	0.000293186	5.00765e-05
7162.5380000000005	7053.691	9514.21	1.02348399	50.4303894	0.98856521	0.12849002499999998	0.0087132052	-0.0359033805	-0.0426514432	0.060969916799999996	-0.039276721800000004	-0.0297071673	0.0048328273	-0.019809997	0.0705030442	-0.0133727664	-0.027121641000000002	-0.0091723134	0.0655569085	0.0626984332	0.0580262722	0.051675577699999996	0.043830057	0.0347166586	0.0	0.0100103	-0.0488508	0.00133282	0.00045242	0.000228874	-6.45954e-05
7181.578	7041.996999999999	9522.88	1.0067333	49.60503006	0.98876905	0.126582655	0.0878792608	-0.0005283678	-0.07980798160000001	0.034909330499999995	0.023633405299999997	0.0127937772	-0.0863564479	0.00125955	0.0593985078	0.0550090517	-0.0220735939	-0.048846338899999994	0.0654769766	0.0623835221	0.0573355663	0.050491263700000004	0.0420650491	0.0323209192	0.0	0.0160625	0.0323953	0.0138334	3.35979e-05	0.000281132	0.0
7178.995	7037.4263	9540.803	1.01133645	49.83184433	0.99330992	0.06986515500000001	0.0431825553	0.0453223494	-0.0330236147	-0.0715845933	-0.0221160622	-0.0483341674	-0.026737982799999997	-0.00558285	-0.0139538015	0.09349290789999999	0.06718680910000001	-0.0267968402	0.0653938816	0.0620565566	0.0566199331	0.0492679257	0.0402492438	0.0298689786	0.0	0.027533	0.0106548	-0.00915831	-0.000219832	0.000261313	0.0
7187.4355	7048.351	9549.746	1.00857878	49.695961	0.98673099	0.13555953999999998	0.0452699025	0.07574181740000001	0.056159117300000005	-0.0151201872	-0.0790437273	0.0078833859	-0.031321834300000004	-0.079155796	-0.0648825918	-0.0100952335	0.0731231356	0.0356189309	0.0653076276	0.0617175998	0.0558796839	0.0480065093	0.038384834	0.0273651002	0.0	0.0112339	-0.0451991	-0.00244952	0.000731482	0.000235094	-0.000156422
7167.257	7050.0244	9571.596	1.03292489	50.89557648	1.01072586	0.190660325	0.0703340259	-0.036466775699999995	0.08155936309999999	-0.0131125522	0.0306680289	0.050085448	-0.06204729	0.047498936900000004	-0.0394906836	-0.043412719599999997	0.028909743999999998	0.022891347000000003	0.0652182186	0.0613667174	0.0551151404	0.046707989400000004	0.0364740711	0.024813638	0.0	0.0210677	0.0449808	0.0190162	-0.000419882	0.000367167	-5.62409e-05
7165.1577	7058.6904	9575.636	1.0365541	51.07439804	1.01373613	0.13734545500000003	-0.023105518	-0.0821061526	0.0376017373	-0.0807763809	-0.0708894517	0.026612076000000002	0.041717731	0.0520438187	0.0315662932	-0.0389369565	0.06493201400000001	0.0806769668	0.0651256591	0.061003977	0.0543266351	0.0453733696	0.0345192625	0.0222190286	0.0	0.0125673	-0.0219392	-0.00884471	0.00011141	0.000273417	0.0
7166.555	7063.494000000001	9564.414	0.97012693	47.80131531	0.96631724	0.06633705000000001	-0.013022251200000001	-0.0419119585	-0.0485390273	-0.011577326499999999	-0.033139337799999995	0.0798553356	0.014434119799999999	-0.0151148409	0.08438918849999999	-0.0078756589	0.0038085528000000005	0.07196005679999999	0.0650299535	0.0606294487	0.053514510700000004	0.0440036813	0.0325227688	0.0195857836	0.0	0.0112919	-0.0616139	-0.008883409999999998	0.000379083	0.000220572	-0.000186447
7177.066999999999	7070.9146	9555.813	1.00873077	49.70345306	0.99680722	0.18321503	-0.030976418	-0.011078422	-0.0350151576	-0.021810778500000003	0.0809140287	0.0258730457	-0.0003118009	0.022999023900000002	0.025970452400000003	0.030693269199999998	-0.1228188305	0.0806146745	0.0649311064	0.060243205	0.0526791203	0.0425999833	0.030487001	0.0169184818	0.0	0.0141453	0.0440518	0.012875	-0.000485989	0.000280671	-5.28676e-05
7253.371	7077.35	9546.315999999999	1.03415751	50.95631027	1.00921023	0.14857747	-0.0834350772	0.0699826695	-0.0215355906	-0.0065622723	0.0712320545	0.0774853901	0.0863322887	-0.024514925400000002	-0.0473371994	0.0467906216	-0.053498245199999996	0.0255806582	0.0648291226	0.0598453205	0.051820827199999996	0.0411633604	0.028414417400000003	0.0142217614	0.0	0.0236155	-0.0141477	-0.0194308	0.0001502	0.000419389	-0.00025
7199.5509999999995	7067.553000000001	9512.427	0.98685646	48.62563324	0.97848535	0.06221719000000001	-0.049957275	0.056634882000000004	0.0161775922	0.0653496544	0.0183142348	0.0182012848	0.0463159853	-0.0561588709	-0.048836378	-0.04867339440000001	-0.06424767990000001	-0.020243808999999998	0.064724007	0.059435872	0.0509400044	0.039694923	0.0263075209	0.0115003113	0.0	0.0270075	-0.0339841	-0.00271476	0.000520989	0.000419389	-0.000324666
7158.894	7059.6235	9497.465	0.97346348	47.96571732	0.97040677	0.07522834	-0.0077616343	0.0023227198000000003	0.039208749	0.0753541475	0.0270409748	-0.0174771856	-0.0116599731	-0.0148358598	-0.0265725713	-0.0779376906	-0.0750232781	-0.043450457000000005	0.0646157647	0.0590149387	0.0500370349	0.038195806	0.0241688557	0.008758864	0.0	0.0269805	0.00700782	0.00834881	0.000270989	0.000503684	-0.000453288
7200.3965	7055.724	9500.6455	1.01781011	50.15082169	0.99780762	0.09077612	-0.06476663740000001	-0.0692410606	0.0394523327	0.0125317458	-0.0298173919	-0.12708598529999998	0.0357893548	0.08856046640000001	-0.0201683078	-0.0304873655	-0.024102316000000002	-0.0771991574	0.0645044009	0.0585826019	0.0491123114	0.0366671679	0.0220010045	0.0060021863	0.0	0.022438	0.0382835	0.0105756	-0.000445092	0.000291372	-0.000327058
7186.0527	7060.29	9496.293	1.05305648	51.88752365	1.01932681	0.16031054700000003	-0.012768173300000001	-0.0475246331	-0.0408325868	0.08231984839999999	-0.039426874	-0.0583655032	0.0083391135	0.0098199271	0.0554532199	-0.0380669573	-0.0376611233	-0.06481955860000001	0.0643899211	0.05813894519999999	0.048166235700000004	0.0351101904	0.019806585	0.0032350716999999998	0.0	0.0244878	-0.0504583	0.000686803	0.000547714	0.000419389	-0.000398838
7272.193	7069.8525	9512.08	1.17539215	57.91540146	1.12647295	0.133233897	0.1387469012	-0.0025677149	-0.0447513713	0.0224862485	-0.0139108094	-0.014923239599999999	-0.1266523217	-0.0027853722999999996	0.0023658223999999998	0.0295955725	0.0013897973999999998	-0.035213222	0.0642723306	0.0576840542	0.0471992193	0.0335260768	0.0175882474	0.0004623318	0.0	0.0369762	-0.0730818	0.0488416	0.00110968	0.0008544689999999998	-0.00039654
7138.941999999999	7046.3154	9513.628	1.16512501	57.40950394	1.12148595	0.10379212999999998	0.07511917929999999	0.0247428432	-0.0118351869	-0.0714937365	-0.0752035685	-0.0292428208	-0.0420609158	-0.0584954631	-0.00030947259999999997	0.0311245988	0.1080009302	-0.025284752400000002	0.06415163530000001	0.0572180169	0.0462116826	0.0319160513	0.0153486704	-0.0023112121	0.0	0.0239032	-0.0558767	0.00618907	0.00120445	0.000419389	-0.00030916
7119.701999999999	7037.1143	9535.39	1.05996108	52.22773743	1.03389204	0.25263885	0.0832807503	-0.0274133832	0.0588064686	-0.0065650230000000006	-0.0010228893	0.0494934374	-0.0802515593	0.012422601100000001	-0.0160914168	-0.059904917599999996	0.046972258499999996	0.034237702099999996	0.064027841	0.0567409233	0.045204054900000006	0.0302813584	0.0130905585	-0.005080737100000001	0.0	-0.00883037	0.0503037	0.020651	0.0001945	-0.000109461	0.000137299
7175.6484	7046.2017	9572.286	1.07227707	52.83458328	1.04297507	0.113152131	0.03851424	-0.0413694411	-0.0287504094	-0.09243696720000001	-0.0154077818	0.0660293951	-0.0038349337	0.0507268982	0.0455739404	0.0389865937	0.0878792659	0.0584590988	0.0639009535	0.0562528657	0.0441767743	0.0286232615	0.010816638600000001	-0.0078414274	0.0	-0.019664	0.000849899	-0.0113298	0.000158185	-0.000276487	0.000351636
7161.8369999999995	7049.935	9573.574	1.00858974	49.69650269	0.99653172	0.201750399	0.0218480584	0.0348294563	-0.0156097727	-0.0918541977	-0.0700796805	0.0335055809	0.0014673885999999998	-0.0543340763	0.0104423557	0.035457460499999996	0.0837881621	0.0951720925	0.0637709792	0.0557539383	0.04313028730000001	0.026943042099999998	0.008529656600000001	-0.0105884827	0.0	0.01593	-0.0578263	-0.029808	0.000970161	0.00011815	-0.000221791
7169.225	7062.2056	9574.8955	1.01878071	50.19864655	1.00373304	0.10201563	-0.0248226824	0.0407505275	0.0341146761	-0.11455975449999999	0.0184170015	0.0261372954	0.0193426823	-0.0069242075	-0.057511779400000004	0.0190385903	-0.027147747200000003	0.079350996	0.0636379241	0.0552442375	0.0420650491	0.0252419988	0.0062323743	-0.013317126200000001	0.0	0.0159624	-0.0217661	0.00618848	0.000464582	0.000182893	-0.00025
7226.5063	7091.8223	9585.815999999999	1.09153974	53.78371811	1.07343853	0.26477483	-0.1157526356	0.0336973854	0.035650618700000004	-0.0468790205	0.0012452064	-0.0083329123	0.1197306579	-0.0184111766	-0.058644572199999995	-0.0179867859	-0.0415336419	0.0687203367	0.0635017949	0.054723861799999995	0.0409815226	0.0235214464	0.0039275659	-0.0160226132	0.0	-0.0182802	-0.0286835	-0.0380207	0.00167942	-0.00129653	0.000643852
7161.189	7066.8633	9532.471	1.03398466	50.94779587	1.02596474	0.1284988	-0.0620851684	0.0257822115	0.017671905800000002	0.0683327128	0.0031828028000000005	-0.0141125924	0.0615835545	-0.06374541980000001	-0.0037041659000000005	-0.0791145919	-0.0801635015	0.0211281236	0.0633625979	0.0541929118	0.039880179	0.0217827146	0.0016180145999999999	-0.0187002392	0.0	-0.00964655	-0.07460999999999998	-0.0225437	0.00168048	-0.000495157	0.000277052
7163.238	7061.168000000001	9520.524	1.02125716	50.32066727	1.00855649	0.21995195	-0.0130089643	-0.014053742099999999	0.0557395629	0.0488498755	0.0745133509	-0.062468194500000004	-0.0102896512	0.0302549038	-0.0369324907	-0.0545693716	-0.0632962056	-0.051332662300000005	0.0632203401	0.0536514901	0.0387614971	0.0200271473	-0.0006934905999999999	-0.0213453483	0.0	-0.0155545	0.0522559	0.014024	0.000732441	-0.000495157	0.000341221
7173.145	7056.471	9509.9	1.00481975	49.51074219	0.99296117	0.14727795	-0.05237868019999999	-0.0541180187	0.0378678426	0.0611984529	-0.0500472383	-0.0794854191	0.0575353001	0.0099423866	0.0086946525	-0.0669795676	-0.0141902699	-0.0754994142	0.0630750281	0.053099701299999996	0.0376259632	0.0182561012	-0.0030041584000000004	-0.023953341	0.0	-0.0151282	-0.042589	-0.0130534	0.00110815	-0.000381109	0.000332391
7180.5396	7044.5396	9499.124	1.00096762	49.32093811	0.98004693	0.04405835	0.0172606899	-0.0573864526	-0.0454293688	0.0693145265	-0.0260508716	-0.043773337300000006	-0.029198598500000002	-0.0156452074	0.0931184908	-0.055885242599999996	-0.0186792797	-0.0596155755	0.0629266692	0.052537652000000004	0.0364740711	0.0164709454	-0.0053111984	-0.0265196824	0.0	-0.0124048	-0.0459963	0.0092219	0.0010995	-0.000572766	0.000219651
7180.4424	7035.2656	9510.376	1.03562593	51.02866364	1.01432133	0.18508977	0.0423987718	-0.0458491391	-0.0744346835	-0.006984967700000001	0.09946825210000002	-0.0058820424	-0.0456938842	0.0837725475	0.0508928349	0.0706633185	-0.0209251713	-0.06997859990000001	0.0627752703	0.0519654508	0.0353063215	0.0146730593	-0.0076118246	-0.029039910099999997	0.0	-0.01194	0.0705773	0.00447493	0.000114847	-0.000380237	0.000308557
7186.573	7039.849	9524.030999999999	1.03135359	50.81814957	1.00725865	0.17417738	0.0043133929	0.0661747047	-0.0292867646	-0.0271813375	-0.024958033199999997	-0.041689111699999996	-0.003236981	-0.0445182853	-0.0124068058	0.0779897613	0.0301013402	-0.0418651302	0.0626208389	0.051383208300000004	0.0341232221	0.0128638327	-0.0099032589	-0.0315096416	0.0	-0.0156307	-0.0365436	-0.0200058	0.00073463	-0.000422169	0.000192571
7177.4854	7030.411	9530.442	0.99251729	48.90456009	0.97561979	0.05646182999999999	0.0691429987	0.0669817017	0.049074652999999996	-0.014613742800000001	-0.0661151437	-0.0071340833	-0.0606714679	-0.0590195725	-0.0411165795	-0.0029858587	0.0618306236	-0.0110213801	0.0624633824	0.050791037000000004	0.0329252874	0.011044663799999998	-0.012182734099999998	-0.033924582599999996	0.0	-0.0181221	-0.0430319	0.00437638	0.000975212	-0.000495157	0.000341
7167.0264	7034.357	9549.689	1.01981711	50.2497139	1.00185025	0.153148389	0.0412745749	-0.0615859804	0.08710794710000001	-0.0436254347	0.0393816722	-0.0021079058	-0.041377558599999996	0.0766062709	-0.0437094922	-0.0184734464	0.0911406884	-0.025843315899999997	0.062302908399999996	0.050189051299999995	0.031713038	0.0092169587	-0.0144474976	-0.0362805338	0.0	-0.00953393	0.0534597	-0.000665939	0.000298889	-0.000380392	0.000271562
7184.88	7042.9775	9552.427	1.00053692	49.29971313	0.98874432	0.157677991	-0.0275477136	-0.0634412779	0.015482058600000001	-0.0554398944	-0.0809922042	0.0071675757	0.051086145599999994	0.022991737	0.0169887156	-0.0519746543	0.074832948	0.0275404095	0.0621394246	0.0495773675	0.030487001	0.0073821299	-0.0166948144	-0.0385733985	0.0	-0.0091899	-0.0409577	-0.0327163	0.000768556	-0.000272578	0.000311405
7160.6455	7052.718000000001	9545.005	0.97506922	48.04483795	0.96808052	0.06706674000000001	-0.009546471400000001	-0.025037000400000002	-0.060406668200000006	0.005149617	-0.0316125131	0.0606407955	-0.0088112412	-0.028166608399999998	0.0853831434	0.00491302	-0.0155732988	0.0758816759	0.0619729391	0.0489561039	0.029247709500000003	0.0055415955000000005	-0.0189219708	-0.040799189799999996	0.0	-0.0171764	-0.0464021	-0.00923866	0.00117221	-0.000422066	0.000261383
7172.1567	7049.920999999999	9543.183	1.00418282	49.47935867	0.99473953	0.16630611000000003	-0.0240320873	-0.0127175374	-0.052983994000000006	-0.0395501929	0.0835506927	-0.0217017406	0.0103877781	0.0489324391	0.0025816053	0.0668959536	-0.034368897	0.0121906976	0.0618034597	0.0483253804	0.0279957023	0.0036967782	-0.0211262772	-0.0429540374	0.0	-0.0119441	0.0589365	-0.008893649999999998	0.000118853	-0.000440606	0.00029729
7204.019	7047.4214	9533.876	1.01358926	49.94284439	0.99448377	0.17596585	-0.0399399329	0.09278609560000001	-0.0322063071	0.0125474286	0.0217107411	0.032909234700000005	0.0454401406	-0.0658200638	-0.0152579875	0.06509653309999999	-0.0193830833	0.0064898104000000005	0.0616309946	0.0476853191	0.026731523700000002	0.0018491037	-0.0233050717	-0.0450341943	0.0	-0.0160898	-0.0421034	-0.029941	0.00103579	-0.000495157	0.00032046
7176.161	7040.764	9526.466	0.99296623	48.92668152	0.97569686	0.03400531	0.0139167477	0.0592702589	0.0513355879	0.0594799838	0.0042689583	-0.0017327217999999998	-0.013084633799999999	-0.0578185259	-0.0381811357	-0.046321162400000004	-0.0077289462	-0.0212558738	0.06145555230000001	0.0470360434	0.0254557233	0.0	-0.0254557233	-0.0470360434	0.0	-0.0127678	-0.0365429	-0.00562389	0.00104706	-0.000495157	0.000325304
7171.22	7040.5425	9531.809000000001	1.0344013	50.96832275	1.01096284	0.15145432999999997	-0.0273406086	-0.0679768122	0.0710467466	0.0026563763	0.0114384527	-0.08419521449999999	0.0127867665	0.0885578269	-0.0377005317	-0.0401492873	0.0204961465	-0.059796322699999994	0.0612771412	0.046377679000000005	0.0241688557	-0.0018491037	-0.0275756348	-0.0489561039	0.0	-0.0113893	0.0522718	-0.00671402	3.6302e-05	-0.000434415	0.000193384
7183.648	7046.3716	9524.385	1.01135969	49.83298874	0.99347711	0.15264828	-0.054570186500000006	-0.0472037796	-0.015828902	0.0332216629	-0.049720235700000004	-0.03117655	0.046780024100000005	0.0105476274	0.0595319222	-0.0265299702	0.009347746700000001	-0.0384493623	0.0610957699	0.0457103529	0.0228714805	-0.0036967782	-0.0296622463	-0.050791037000000004	0.0	-0.0161375	-0.0413757	-0.0194236	0.000573924	-0.000278372	0.000330579
7164.0356	7044.845	9513.208	0.97866404	48.22196579	0.97213793	0.05102667	0.014201491699999999	0.001197723	-0.08306994940000001	0.0608724844	0.024813807900000002	-0.0076183072	-0.0183015428	-0.0197397543	0.06849001190000001	0.0230507953	-0.048937501200000004	-0.0438978571	0.060911447199999996	0.0450341943	0.0215641617	-0.0055415955000000005	-0.031713038	-0.052537652000000004	0.0	-0.0196361	-0.0333581	0.00600107	0.00063113	-0.000495157	0.000338304
7168.634	7045.0464	9516.209	1.0073911	49.63743973	0.99363917	0.138761365	-0.018914773	0.0246258895	-0.0403058985	-0.0354564916	0.0881025715	-0.09102590949999999	0.009213509699999999	0.0444629831	-0.0186972321	0.0789868923	-0.025725085	-0.0782787907	0.060724182	0.044349333600000006	0.0202474676	-0.0073821299	-0.0337255333	-0.0541929118	0.0	-0.0129322	0.0472919	-0.00782668	-2.52753e-05	-0.00040139	0.000339726
7196.138000000001	7041.6475	9515.409	1.0172087	50.12118912	0.99681139	0.192369085	-0.0233010761	0.10179655369999999	-0.0074036429	0.0355307443	0.0037850415999999996	0.026923517400000003	0.0325248156	-0.058344705499999996	-0.039577468	0.0426206463	0.024005347000000003	-0.0416654973	0.0605339832	0.0436559033	0.0189219708	-0.0092169587	-0.0356973021	-0.0557539383	0.0	-0.0168805	-0.0587563	-0.0331815	0.00103691	-0.00038112	0.000281826
7176.1772	7040.0503	9517.326	1.00730944	49.63341522	0.98607588	0.06559074999999999	0.059290285	0.0207040032	0.0509742146	0.07145242660000001	0.0002931417	0.0168190543	-0.0577997128	-0.0553946564	-0.0321610297	-0.058702225999999996	0.0081220218	-0.04797224519999999	0.0603408602	0.0429540374	0.0175882474	-0.011044663799999998	-0.0376259632	-0.0572180169	0.0	-0.0189739	-0.0380784	-0.0028633	0.000910834	-0.000343928	0.000368583
7181.194	7027.773	9528.726999999999	1.03574598	51.03458023	1.01365936	0.13636525000000002	0.0485126422	-0.0859459189	0.0039950853	-0.0159644073	0.0213916971	0.0011927216	-0.0413729444	0.09249176769999999	0.023988231000000002	-0.0133668602	0.06378830440000001	-0.0609239705	0.060144822199999996	0.042243871399999994	0.016246877399999998	-0.0128638327	-0.039509187599999995	-0.0585826019	0.0	-0.0101058	0.043797	-0.0050534	0.00015450699999999996	-0.000280833	0.000319372
7161.499	7028.3843	9534.122	1.01248264	49.88831711	0.99616557	0.16676536000000003	0.030778897799999996	-0.0177891581	-0.0605132859	-0.0085745143	-0.022074157599999998	0.0416279356	-0.0063688485	-0.0138319742	0.060867437	0.020974531499999997	0.0618997316	-0.0118705321	0.0599458788	0.0415255426	0.0148984438	-0.0146730593	-0.0413447012	-0.0598453205	0.0	0.011508	-0.0418089	-0.00935741	0.000674457	-0.00020264	-0.000187318
7191.7695	7038.723000000001	9540.981	0.99362862	48.95932007	0.98077738	0.10334606999999998	0.0454821044	0.06024824	-0.013303563300000001	-0.0393692632	-0.0487255086	-0.0398994752	-0.052501403099999996	-0.047006695099999996	-0.0204262384	0.0649948834	0.0219354546	0.0314714373	0.059744039400000004	0.040799189799999996	0.013543533100000001	-0.0164709454	-0.04313028730000001	-0.061003977	0.0	-0.00542153	-0.0178237	0.00607494	0.000657372	-2.66952e-05	0.000559632
7176.746999999999	7041.3345	9546.899	1.02663219	50.58551407	1.0076015	0.15094897	-0.03102662	0.0048632708000000005	0.0564678246	-0.0748006932	0.061222628200000004	-0.0105414968	0.0290107931	0.0583024217	-0.0746338674	0.0302213825	0.023759235099999998	0.011737345500000001	0.059539314	0.0400649533	0.012182734099999998	-0.0182561012	-0.044863789800000005	-0.0620565566	0.0	0.0114641	0.0600699	0.000965685	7.83675e-05	-4.41864e-05	0.000134918
7182.058000000001	7050.236999999999	9537.845	1.03059363	50.7807045	1.00979078	0.20053369	-0.0783236447	-0.0103218014	0.0458837699	0.0017798037	-0.0273955302	0.0683627903	0.07820949349999999	-0.0129964854	-0.0146721135	-0.0570230221	0.0275838974	0.0337948614	0.0593317122	0.0393229751	0.010816638600000001	-0.0200271473	-0.0465431152	-0.0630012291	0.0	0.0114942	-0.046555	-0.0337711	0.0008518519999999998	-0.000151712	-0.00016691
7147.142	7041.4893	9514.66	0.97232676	47.90970612	0.96607155	0.03691265	-0.021646946	-0.0429790684	-0.0088489838	0.0628369831	-0.007896762600000001	-0.0090937915	0.0166406694	-0.0054842944999999995	0.0658683456	-0.0350315989	0.0089052144	-0.0176340246	0.0591212443	0.0385733985	0.0094458404	-0.0217827146	-0.048166235700000004	-0.0638363518	0.0	0.0115484	-0.0515553	-0.0108456	0.000903655	-0.000214129	-0.000102477
7164.5845	7052.804	9519.618	0.99590141	49.07130814	0.988855	0.16731333	0.0206764214	-0.034315657299999996	-0.0606232286	0.0417636628	0.0830724043	-0.0016548753	-0.030652474199999998	0.036314752799999996	0.060822727699999996	0.0421524257	-0.0270743	-0.0576895706	0.0589079204	0.0378163683	0.0080709356	-0.0235214464	-0.049731191200000004	-0.0645604726	0.0	0.0114758	0.0569527	0.000585205	0.000140922	-4.28968e-05	-9.04037e-05
7172.1997	7053.4136	9529.539	1.0073061	49.633255	0.99579829	0.186874175	-0.012076391200000001	0.01950004	-0.08182954070000001	0.0119630658	0.0066921958	0.010988771299999998	0.0247428033	-0.0374785384	0.057093549800000004	0.058726795400000004	0.023022152599999998	-0.0474736517	0.058691750599999995	0.0370520308	0.0066925218	-0.0252419988	-0.051236091799999994	-0.0651723324	0.0	0.0171235	-0.039819	-0.0498686	0.000740913	-0.000106907	-7.43855e-05
7168.8315	7047.509	9526.615	0.97767645	48.17330551	0.97029012	0.088730105	0.0200892522	0.0736168061	-0.0005800386	0.0012132682	-0.0641698034	-0.0586276004	-0.0112535092	-0.067806167	-0.0015703454	0.049207661900000005	0.026288385499999997	-0.0275502013	0.0584727457	0.0362805338	0.0053111984	-0.026943042099999998	-0.0526791203	-0.0656708672	0.0	-0.0111257	-0.0471229	-0.0284292	0.000675114	-4.89234e-05	0.000436584
7193.6436	7061.686	9542.177	1.01498985	50.01185989	1.00333261	0.11419827	0.0156986771	0.02928033	0.054191128600000006	-0.007905944	0.021607335099999996	-0.0252456912	-0.0275676726	0.0030490919	-0.059255284299999995	-0.0149013255	-0.011002896699999999	-0.026186528900000002	0.0582509159	0.0355020262	0.0039275659	-0.0286232615	-0.0540585341	-0.0660552101	0.0	-0.0005114	0.00590908	0.00338835	0.000625996	-4.52656e-05	0.000758497
7254.0703	7085.181	9552.7295	1.18050528	58.16734314	1.1234684	0.22521954	0.0912430857	-0.025388802999999998	0.0895333973	0.0325894848	-0.007382183499999999	0.0195232526	-0.0697118909	0.0102144476	-0.056713384000000006	-0.054583957599999997	0.0434492985	-0.0326194633	0.0580262722	0.0347166586	0.0025422258	-0.0302813584	-0.055372667300000004	-0.0663246928	0.0	0.0165679	-0.082503	0.00260422	0.0018421	0.000126825	-0.000232189
7183.021	7054.073	9553.168	1.16841388	57.57155609	1.11038828	0.104971985	0.0113492821	-0.04393045190000001	-0.035375684500000004	-0.039711513	-0.09540675609999999	0.0086562064	0.0144705893	-0.026388078199999998	0.067425442	-0.015055205600000001	0.0786457156	0.0331806147	0.0577988254	0.033924582599999996	0.0011557805	-0.0319160513	-0.0566199331	-0.0664788467	0.0	-0.00848772	-0.08035309999999998	-0.0262567	0.00171024	-0.000469426	1.78109e-05
7175.231	7043.1865	9550.834	1.01121438	49.82582474	0.99399698	0.1327068	0.0328228805	0.0384534119	-0.0223604627	-0.024935103900000002	-0.0339321898	-0.0196474275	-0.0444019991	-0.0654563541	0.029877311299999997	0.0091233327	0.001075281	0.0329358249	0.0575685863	0.0331259514	-0.0002311673	-0.0335260768	-0.0577988254	-0.0665174038	0.0	0.013789	-0.0516034	-0.0110225	0.00109513	7.40977e-05	-0.000152479
7189.354	7046.5737	9556.082	1.05409956	51.93891907	1.03118217	0.1778740445	-0.047435117699999994	-0.030300068	0.0778224533	-0.0500193589	0.0430690165	-0.0164006197	0.0348746912	0.07099328889999999	-0.0656425612	-0.0194590725	-0.0026609038	-0.00079802	0.0573355663	0.0323209192	-0.0016180145999999999	-0.0351101904	-0.0589079204	-0.0664402971	0.0	0.013680800000000003	0.0504181	-0.00490745	9.35231e-06	0.000210616	1.78109e-05
7193.93	7040.6587	9542.741	1.03098834	50.80015564	1.007375	0.1957435295	-0.0759675501	-0.0273701706	-0.030151307000000002	0.0183223688	-0.0637906845	0.0332266023	0.0758399961	-0.0116061025	0.0627816826	-0.0298009908	0.0030091352	0.0081484662	0.057099776500000005	0.0315096416	-0.0030041584000000004	-0.0366671679	-0.0599458788	-0.0662476605	0.0	0.0115533	-0.0501702	-0.0391947	0.000930476	0.000126825	-0.000152084
7158.464	7048.4272	9530.681999999999	0.98141831	48.35767746	0.97519332	0.04498194999999999	-0.0119453483	0.045096686799999994	-0.0660566554	0.0281219191	-0.021174195	-0.04199290309999999	-0.0037613234999999997	-0.05183609769999999	0.0406076062	0.0268273159	-0.0476733768	-0.0212462912	0.0568612282	0.0306922754	-0.0043889962	-0.038195806	-0.060911447199999996	-0.0659398291	0.0	0.0115653	-0.0422017	-0.0117904	0.000852912	0.000216668	-0.000127548
7173.6245	7050.004	9533.993	1.017905	50.15549469	1.00543964	0.171498675	-0.0274973917	0.022250013199999998	0.021162777400000003	-0.0118260599	0.0595940751	-0.048401373	0.0078765087	0.0321359279	-0.0764370014	0.0401599023	-0.0082833686	-0.056392264299999995	0.0566199331	0.0298689786	-0.005771925799999999	-0.039694923	-0.0618034597	-0.0655173382	0.0	0.0115821	0.0528794	-0.00131192	-0.000317565	0.000219278	1.78109e-05
7168.8047	7047.672	9522.521999999999	1.0172056	50.12103271	1.00491178	0.211818025	-0.023032711299999998	-0.0223366781	0.0239667786	0.0674688752	-0.0313450365	0.0437347922	0.033108852	-0.0395550076	0.012167309099999999	-0.0637572174	0.0364288096	-0.045593186900000006	0.056375902900000004	0.029039910099999997	-0.0071523459999999995	-0.0411633604	-0.0626208389	-0.06498092230000001	0.0	0.0115716	-0.0598969	-0.0280813	0.000905127	0.000126825	-0.000112281
7185.299	7060.693	9529.208	1.0045141	49.49568176	0.98959708	0.102923145	0.055822198499999996	-0.0216135018	-0.07806325110000001	0.057867142999999996	0.027399172799999996	0.0466660683	-0.0632657982	-0.0412789148	0.0847338625	-0.0091721054	-0.0294505706	-0.0142617729	0.056129149100000005	0.0282052302	-0.008529656600000001	-0.0425999833	-0.0633625979	-0.0643315143	0.0	0.015768899999999995	-0.0301239	0.0110275	0.000502956	0.000191443	1.78109e-05
7175.49	7052.9805	9537.863000000001	1.03118587	50.80988693	1.01198447	0.13487691999999998	0.0237936492	0.0282892889	-0.0171341274	-0.052398752199999996	0.0584902874	-0.051989878200000006	-0.020063259099999998	0.0445413371	-0.0251296409	0.0855501688	0.007089677900000001	-0.0363360804	0.0558796839	0.0273651002	-0.0099032589	-0.0440036813	-0.064027841	-0.0635702434	0.0	0.0137573	0.0495042	0.00283818	-0.000352178	0.000237267	1.78109e-05
7193.2427	7042.4585	9540.101999999999	1.01903093	50.21097565	1.00248086	0.173318125	-0.021755250499999997	0.0673132224	0.0382675137	-0.0085147196	-0.0034337303000000004	0.0673566107	0.0351427179	-0.0640922756	-0.0416999471	-0.0013873954000000002	0.037045329	-0.0162637052	0.0556275193	0.0265196824	-0.011272555600000001	-0.0453733696	-0.0646157647	-0.0626984332	0.0	0.0154268	-0.0537256	-0.0106478	0.000600188	0.000243403	-0.000122344
7184.463000000001	7044.0737	9535.872	0.99381465	48.96848679	0.98236847	0.076412145	0.0384635367	-0.0385920687	0.028942062	0.0393209843	-0.0004756425	0.05341113980000001	-0.0440854529	-0.022753783399999998	0.0159316813	-0.07770744730000001	-0.0032663257000000003	-0.0007927686999999999	0.055372667300000004	0.025669140299999997	-0.012636951499999998	-0.046707989400000004	-0.0651256591	-0.0617175998	0.0	0.0215818	-0.022634	0.011661800000000003	0.000443862	0.000284041	1.78109e-05
7208.007	7041.474	9551.938	1.0289762	50.70101166	1.01024604	0.14524465	0.0034333902	-0.0531225226	-0.0330330577	-0.053057937199999995	0.0347367406	0.0303781302	0.0045126471	0.0758944522	0.0366497361	0.0378693398	0.0083297544	0.0015590841000000001	0.0551151404	0.024813638	-0.013995853400000001	-0.0480065093	-0.0655569085	-0.0606294487	0.0	0.0115832	0.0486864	0.00690635	-0.000582326	0.000126825	1.78109e-05
7197.56	7034.36	9547.136	1.01344991	49.93598175	0.99687433	0.167831525	0.005035415200000001	0.0567994704	-0.0372473937	-0.043930395	-0.0821457254	-0.024867924	0.019533033300000002	-0.0510888339	-0.0018091757000000001	0.0613054158	0.0295180389	0.0254328323	0.054854951	0.023953341	-0.0153486704	-0.0492679257	-0.0659089921	-0.059435872	0.0	0.0154334	-0.0428669	-0.00272543	0.000349137	0.000270484	-0.000162992
7199.106	7049.8257	9554.301	1.00204515	49.37403107	0.98564059	0.12316607500000003	0.0604825462	0.0404583439	0.0545345391	0.0024529216	-0.0378474019	-0.0087616932	-0.062203365700000006	-0.0643155614	-0.0424316888	-0.0345971213	-0.0033179579999999998	0.0401404332	0.0545921117	0.023088415499999997	-0.0166948144	-0.050491263700000004	-0.0661814847	-0.05813894519999999	0.0	0.0215906	0.0157217	0.0165857	-0.000145902	0.000376825	1.78109e-05
7193.908	7055.3584	9566.529	1.05650854	52.057621	1.02976763	0.110308905	-0.0062858781	-0.0898149702	0.0817304507	-0.0667258132	0.0102934162	-0.0339601627	0.0154428951	0.111205383	-0.041631786000000004	-0.039548869300000004	0.041854096800000004	0.0387044327	0.0543266351	0.0222190286	-0.0180337002	-0.051675577699999996	-0.0663740572	-0.0567409233	0.0	0.0115826	0.0718355	-0.000652555	-0.000565934	0.00025788	1.78109e-05
7185.545	7046.3867	9560.091999999999	1.0247165	50.49111938	1.00354183	0.17939912999999996	-0.049803514800000004	-0.038693260699999996	-0.0347479648	-0.031139902599999998	-0.052861259	0.0411448294	0.0712835033	0.008768649	0.0605550399	-0.0155748001	0.018532407600000002	0.054633994500000005	0.0540585341	0.0213453483	-0.0193647456	-0.0528199524	-0.06648647719999999	-0.0552442375	0.0	0.0160414	-0.0285278	-0.0233392	0.000298228	0.000376825	-3.68898e-05
7179.048000000001	7048.6543	9553.171	0.99613583	49.08285904	0.98509961	0.113037745	-0.014071079299999999	0.0339259125	-0.0474354341	0.0025048763	0.011939813999999998	-0.0319445348	-0.005781826899999999	-0.0231801852	0.0044808283	0.0393909816	-0.08805926289999999	0.0342149318	0.0537878216	0.0204675434	-0.0206873721	-0.053923503399999996	-0.0665186088	-0.0536514901	0.0	0.0216095	0.0246022	-0.00338194	-0.000334719	0.000376825	1.78109e-05
7205.1064	7052.9707	9555.454	1.02181327	50.34807205	1.00289249	0.04980361	-0.080813306	0.0485912249	0.016606779199999998	-0.0284796433	0.0559470379	0.0303241991	0.086070307	0.0193271768	-0.0670034983	0.0502273103	-0.0143039478	-0.0038537819	0.053514510700000004	0.0195857836	-0.0220010045	-0.054985377800000006	-0.0664704133	-0.0519654508	0.0	0.0115837	0.036407	-0.0194114	-0.000177144	0.000295529	1.78109e-05
7180.553000000001	7054.7036	9530.618	0.99925107	49.23635483	0.98716843	0.129129895	-0.059615025999999995	0.0199233016	0.0476032738	0.0678031283	0.0015567191	0.0627353383	0.056099767	-0.032779318599999996	-0.0147746167	-0.0709932797	-0.024840035099999998	-0.0323968548	0.0532386146	0.0187002392	-0.0233050717	-0.0560047547	-0.0663419489	-0.050189051299999995	0.0	0.0177849	-0.0462408	-0.0234562	0.000453901	0.000283751	-6.4088e-05
7162.147	7041.1733	9518.519	1.00019073	49.28265762	0.98936361	0.131029795	-0.0064212623	-0.0381515701	-0.0212251458	0.1013569094	-0.0020177724	-0.0175578332	-0.014529006899999999	-0.005339593199999999	0.06355394360000001	-0.065263795	-0.0449217857	-0.07394368400000001	0.0529601467	0.0178110813	-0.024599006800000003	-0.0569808464	-0.06613337059999999	-0.0483253804	0.0	0.0245127	0.0247511	-0.010089	-0.00018817	0.000358639	1.78109e-05
7204.51	7042.3203	9531.151	1.03461385	50.97879791	1.01037741	0.07862471999999998	-0.0475639446	-0.0466680629	-0.050879711900000006	0.0019865665	0.0146935843	-0.044351691799999995	0.0400201505	0.0759225952	0.025445207999999997	0.0527485403	-0.0230101627	-0.047222032000000004	0.0526791203	0.0169184818	-0.025882247200000003	-0.0579128985	-0.0658449304	-0.046377679000000005	0.0	0.0141808	0.0501709	-0.00132278	-0.000765998	0.000254331	1.78109e-05
7205.651	7041.3755	9523.711	1.02164149	50.33960724	1.00118077	0.16884213499999998	-0.0032897272999999998	0.06511689679999999	-0.060961187800000004	0.0295700458	-0.0531534091	-0.061895035099999995	0.0059625534	-0.0815297059	0.016636271499999997	0.0641538574	-0.009382270699999999	-0.0498308145	0.0523955491	0.0160226132	-0.027154235099999997	-0.058800190599999996	-0.0654769766	-0.044349333600000006	0.0	0.0215495	-0.0498719	-0.00125379	0.000149696	0.00031587	-0.000232189
7200.0176	7052.1359999999995	9532.627	1.0198555	50.25160217	0.9977138	0.14505328499999998	0.0646908918	0.0582279859	0.034119034900000005	0.012448714	-0.04962514	-0.0777056725	-0.0699243903	-0.0440090851	-0.0619682093	-0.012899954	-0.0175976848	-0.0124554884	0.052109446799999994	0.0151236484	-0.028414417400000003	-0.0596420368	-0.0650299535	-0.042243871399999994	0.0	0.0193291	0.0319402	0.0198162	-0.000395108	0.000320082	1.78109e-05
7165.616	7032.7065	9538.848	1.03451502	50.97392654	1.01094103	0.04087328	0.0082247303	-0.047501758	0.061004914699999996	-0.0102181289	-0.0075269985	-0.0234015558	-0.0036063862	0.0576174259	-0.0359341919	-0.0155035114	0.055557012999999995	-0.051693574400000004	0.051820827199999996	0.0142217614	-0.0296622463	-0.0604377867	-0.0645044009	-0.0400649533	0.0	0.0115847	0.0401375	-0.00035588	-0.000465189	0.000294973	1.78109e-05
7171.2227	7041.315	9536.831	1.00509012	49.52406693	0.9883889	0.155833815	-0.0122266522	-0.045376529299999996	-0.008264088499999999	-0.0038710705	-0.0553861026	0.0373510601	0.0199426447	0.0087361687	0.0673724333	-0.0385985836	0.0564198664	-0.0131367417	0.051529704100000004	0.013317126200000001	-0.0308971792	-0.061186825099999995	-0.0639009535	-0.0378163683	0.0	0.019465	-0.0435155	-0.0115598	0.000399696	0.000311396	-0.000162813
7168.4253	7052.5903	9540.51	1.00866568	49.7002449	0.99657553	0.163181945	0.0263247554	-0.0131701586	-0.0459051625	-0.013401957800000001	0.057814884500000004	0.0281312963	-0.0348831557	0.0178582499	0.035682058100000004	0.0258778663	-0.0435616758	0.0257458679	0.051236091799999994	0.0124099178	-0.0321186792	-0.0618885731	-0.0632203401	-0.0355020262	0.0	0.0146084	0.0440694	0.00620485	-0.000471383	0.000319209	1.78109e-05
7218.7603	7053.765	9546.913	1.01652408	50.08745193	0.99886966	0.11724682159999998	-0.0612800779	0.0537797182	-0.0244454873	-0.0516532462	0.011797755600000001	0.033235564100000003	0.065326322	-0.0059117970999999995	-0.0356897958	0.08547441929999999	0.0117844619	0.016130851499999998	0.0509400044	0.0115003113	-0.033326215299999996	-0.0625424883	-0.0624633824	-0.0331259514	0.0	0.0212876	-0.00472049	-0.0170789	1.40732e-07	0.000270853	-0.000232189
7182.385	7050.1990000000005	9535.068000000001	0.98996192	48.77864838	0.97713149	0.1013551234	-0.0089233301	0.0733755862	0.0263689587	0.0423384463	-0.048560159400000004	0.0381390587	0.0157003792	-0.08827129339999999	-0.0388509101	-0.0241594894	-0.010888478500000002	0.0146594819	0.0506414561	0.0105884827	-0.0345192625	-0.0631480654	-0.0616309946	-0.0306922754	0.0	0.0115645	-0.0496718	0.0025321	0.000342094	0.000126825	-0.00017677599999999996
7183.7085	7049.308000000001	9538.96	1.0099206	49.76207733	0.99378604	0.180391695	-0.0151255451	-0.036017307799999995	0.0827105358	0.0198935495	0.0388656214	-0.0476750418	0.002433903	0.0453151849	-0.0347587061	-0.0534239654	-0.028110736299999998	-0.024851088700000003	0.050340461399999994	0.0096746081	-0.0356973021	-0.0637048363	-0.060724182	-0.0282052302	0.0	0.0138741	0.0484783	0.0147003	-0.00066257	0.00028285	1.78109e-05
7196.571	7046.8286	9533.957	1.00079072	49.31221771	0.98837399	0.1563398005	-0.053965894800000004	-0.054092976200000004	0.0079239708	0.0179937141	-0.10383063890000001	-0.0286103136	0.05576536	0.0096253557	0.0412414775	-0.0536310192	0.0028159832000000003	-0.025282304900000004	0.0500370349	0.008758864	-0.036859822	-0.06421237070000001	-0.059744039400000004	-0.025669140299999997	0.0	0.0164996	-0.0424031	-0.00586676	6.57891e-06	0.000323727	-0.00011748
7170.1597	7056.794	9524.961	0.98890495	48.72657013	0.97939157	0.0553841845	-0.0008182083000000001	-0.0312815513	-0.0634846563	0.0522172941	-0.0131418273	0.0096083266	-0.0181431833	-0.0191944246	0.083162461	-0.0020802546	-0.0702875013	0.015311851100000001	0.049731191200000004	0.0078414274	-0.0380063166	-0.0646702763	-0.058691750599999995	-0.023088415499999997	0.0	0.0240184	-0.017128	0.00255327	0.000149696	0.000429016	-0.000152479
7185.3066	7047.598000000001	9529.268	1.01057541	49.79434204	0.99788475	0.12325559500000002	-0.0379770518	-0.013137778400000001	-0.059389669699999995	-0.028006688300000002	0.0869995748	-0.0476181338	0.0261348924	0.0449881408	0.0124054219	0.0727447225	-0.0417261716	-0.0499907981	0.049422945	0.0069224757	-0.0391362877	-0.0650781993	-0.0575685863	-0.0204675434	0.0	0.0195424	0.042271	-0.00622313	-0.000639907	0.000376825	1.78109e-05
7184.2666	7040.4507	9520.546999999999	1.01825547	50.17276382	0.99772453	0.15355971499999999	-0.0341788703	0.09027593539999999	-0.0205075494	0.0341902116	-0.014796100500000001	0.023497504500000002	0.0444570297	-0.08557593460000001	-0.0283082692	0.034419151099999996	-0.004564149	-0.0193272371	0.0491123114	0.0060021863	-0.0402492438	-0.06543582419999999	-0.056375902900000004	-0.0178110813	0.0	0.0215501	-0.0493182	-0.0142058	0.000149696	0.000376825	-0.000232189
7189.4604	7044.9259999999995	9522.46	1.0155226	50.03810883	0.99131113	0.07654864	0.0505850972	0.0407522367	0.0599631144	0.060156282	0.012118578999999999	-0.0067601145999999996	-0.057000545199999995	-0.048789778799999996	-0.04396836690000001	-0.0524589822	-0.012599826100000001	-0.0260456478	0.048799305099999996	0.005080737100000001	-0.0413447012	-0.0657428748	-0.0551151404	-0.0151236484	0.0	0.030795	-0.014618	0.00899599	0.000149696	0.00056486	-0.000232189
7178.255	7040.6597	9530.591	1.04578996	51.52947998	1.01906645	0.14276862499999998	0.014516856399999998	-0.0811080745	0.0373734052	-0.014002548	-0.0070309330000000005	-0.028619841899999998	-0.005422550799999999	0.0723168704	0.0097058322	-0.0457734983	0.0678927887	-0.0671285138	0.0484839415	0.0041583061	-0.042422183499999995	-0.0659991137	-0.0537878216	-0.0124099178	0.0	0.0136349	0.0347607	-0.008350639999999998	-0.000539888	0.00032678	1.78109e-05
7177.139	7039.069	9531.29	0.99750233	49.15018845	0.98291767	0.1328889235	0.0210196015	-0.0323455878	-0.0415859944	-0.021077227	-0.041049216	0.06958741019999999	-0.0021476573	-0.013377613600000001	0.058871927000000004	-0.0113717891	0.0320215117	0.0140806507	0.048166235700000004	0.0032350716999999998	-0.043481222400000005	-0.0662043429	-0.0523955491	-0.0096746081	0.0	0.0236412	-0.0440121	-0.0142157	7.04937e-06	0.000363349	-0.000163578
7170.302	7039.4844	9536.819	0.98336864	48.45377731	0.9764908	0.11328678349999997	0.0422655662	0.0081080305	-0.061997648499999995	-0.0380229933	0.0253378909	0.0335919547	-0.050296984100000004	-0.0091937946	0.0422494008	0.045228835300000006	-0.0190204022	0.0379000306	0.0478462031	0.0023112121	-0.0445213574	-0.0663584038	-0.0509400044	-0.0069224757	0.0	0.0244458	0.019479	0.00914337	-0.000310726	0.000376825	1.78109e-05
7170.0854	7046.859	9543.649	1.00699353	49.61785507	0.99635476	0.045862115	-0.053914070700000004	0.0446466014	-0.0040601872	-0.0775882588	0.012334043000000001	0.0286362479	0.06307110070000001	0.0051258822	-0.0342729096	0.0661768208	0.0207497797	0.0115679508	0.0475238591	0.0013869059	-0.0455421363	-0.0664611772	-0.049422945	-0.0041583061	0.0	0.0228187	0.0263287	-0.0146784	-0.000441647	0.000376825	-0.000122539
7170.927	7043.8467	9529.589	0.99227768	48.8927536	0.98411632	0.12683719999999998	-0.040541473	0.0557056167	0.0489291947	0.0105935154	0.0118105355	0.1164761663	0.0505430045	-0.0635816315	-0.0371808849	-0.049344182199999996	-0.0122807008	0.0221093663	0.0471992193	0.0004623318	-0.0465431152	-0.0665125838	-0.0478462031	-0.0013869059	0.0	0.0222913	-0.0461105	-0.0148737	0.00061632	0.000376825	-0.000138078
7168.3965	7051.5386	9519.448	1.00471985	49.50582123	0.9879241	0.17136485	-0.0035242516999999998	-0.0427701333	0.0432965633	0.0678081522	0.012025675100000001	-0.0140474662	-0.0148272902	-0.0056169426	0.0059193696	-0.0789646035	-0.0389354144	-0.0081816106	0.046872299400000005	-0.0004623318	-0.0475238591	-0.0665125838	-0.0462116826	0.0013869059	0.0	0.0295654	0.0212938	0.0133178	-0.000252554	0.00059627	0.000143502
7200.8105	7047.118	9522.581	1.04149342	51.31777573	1.01069582	0.080535705	-0.0765760167	-0.0648034962	-0.017720714499999998	-0.0054734599	-0.028942409900000004	-0.0766496914	0.0608937902	0.0610783768	0.0341991435	-0.0015046704999999998	0.0043429651	-0.0198676994	0.0465431152	-0.0013869059	-0.0484839415	-0.0664611772	-0.0445213574	0.0041583061	0.0	0.0198715	0.0351661	-0.0103731	-0.000602064	0.000405899	1.78109e-05
7165.4053	7042.1934	9505.36	1.00935245	49.73408127	0.9923805	0.16084184499999998	-0.0423089205	0.0199706132	-0.06722192440000001	0.0442928909	-0.0076034517000000005	-0.0196896089	0.0394684254	-0.0487518715	0.0699010938	0.0238336908	-0.0408047687	-0.0707262846	0.0462116826	-0.0023112121	-0.049422945	-0.0663584038	-0.0427772687	0.0069224757	0.0	0.0258597	-0.0449758	-0.0190292	0.000399696	0.000475252	-0.000232189
7173.128000000001	7040.6167	9505.117	1.02644658	50.57637024	1.00705767	0.23087875	0.0200599581	0.0586711959	-0.0165600183	0.0290780798	-0.0012238566	-0.10675388400000001	-0.0579854725	-0.0363131465	-0.0419577791	0.0372673712	-0.08141308400000001	-0.034559425299999995	0.0458780176	-0.0032350716999999998	-0.050340461399999994	-0.0662043429	-0.0409815226	0.0096746081	0.0	0.0282685	0.0575859	0.0393695	-0.000912789	0.000512958	-0.000232189
7160.905	7034.111	9501.029	0.98974639	48.76802826	0.98091704	0.05929265000000001	-0.021357421600000003	0.0449961855	0.0269443733	0.006535237199999999	0.0391343122	-0.0326475388	0.019025732	-0.0071838436	-0.0547696846	0.0198920961	0.018721175700000002	-0.0338858759	0.0455421363	-0.0041583061	-0.051236091799999994	-0.0659991137	-0.0391362877	0.0124099178	0.0	0.0282663	0.0364314	0.017614399999999995	-0.000636496	0.000564282	-0.000232189
7167.305	7026.3945	9504.489	0.99147028	48.85297012	0.97966993	0.1118053	0.047756151	-0.024116077799999996	0.0529198478	0.0748007622	-0.0158090746	0.0272270906	-0.0395378494	-0.0271068761	0.0060805795	-0.0804182392	0.0363325241	-0.020564086699999998	0.045204054900000006	-0.005080737100000001	-0.052109446799999994	-0.0657428748	-0.0372437922	0.0151236484	0.0	0.0282619	-0.0203893	0.033285	0.000149696	0.000564282	-0.000232189
7203.65	7027.223000000001	9515.624	1.00953853	49.7432518	0.99012715	0.13721185	0.08497122210000001	-0.0527657325	-0.031796322099999996	0.028464489300000003	0.0311842684	0.0827836437	-0.0839142333	0.0253594904	0.0517015608	-0.0356422119	0.011416881299999999	0.0014499775	0.044863789800000005	-0.0060021863	-0.0529601467	-0.06543582419999999	-0.0353063215	0.0178110813	0.0	0.0255918	0.0509809	0.0507087	-0.00070428	0.000564282	-0.000171208
7160.3135	7029.3755	9527.676	1.02131915	50.32372284	1.00137544	0.048408249999999986	0.0043010996	-0.0313108086	-0.049460299000000006	-0.0829124777	0.0698323971	0.0070373998	0.0024563376	0.08085036150000001	0.018077295400000002	0.0636577353	0.0207125641	0.0215059854	0.0445213574	-0.0069224757	-0.0537878216	-0.0650781993	-0.033326215299999996	0.0204675434	0.0	0.0242445	0.0633772	0.0338182	-0.0010408	0.000564282	-0.00015224499999999996
7176.471	7037.6934	9525.3955	1.01370704	49.94865036	0.99494672	0.141982781	-0.0194434624	0.0662695301	-0.0355403309	-0.0361076203	-0.0561137549	0.0089829071	0.0232478219	-0.037633322000000004	-0.0043548045	0.044416944400000005	0.024901637200000003	0.0162289985	0.0441767743	-0.0078414274	-0.0545921117	-0.0646702763	-0.031305864700000005	0.023088415499999997	0.0	0.0282527	-0.000176871	0.00608949	-0.000313432	0.00061946	-0.000303535
7152.6855	7034.799	9523.654	0.99033213	48.79689026	0.97486967	0.05688453099999999	0.0281779588	0.0498076215	0.0313078216	0.0007760502000000001	-0.0258799815	-0.0029352155	-0.037943482599999995	-0.0629868807	-0.0518111072	-0.0079872161	-0.0008853489	0.0424022448	0.043830057	-0.008758864	-0.055372667300000004	-0.06421237070000001	-0.029247709500000003	0.025669140299999997	0.0	0.0262291	0.0168145	0.0290199	-0.00038745	0.000564282	-0.000133948
7163.6387	7040.819	9530.639000000001	1.02483463	50.49694061	1.00359869	0.149304545	0.0079662277	-0.0383236391	0.0821180686	-0.016514540600000002	0.0552443992	-0.015228578999999999	-0.026343807099999998	0.0628303957	-0.0787136992	-0.0601277275	-0.0374774596	0.0542067687	0.043481222400000005	-0.0096746081	-0.056129149100000005	-0.0637048363	-0.027154235099999997	0.0282052302	0.0	0.0169656	0.08896279999999998	0.0445561	-0.00115802	0.00043948	1.78109e-05
7168.603	7040.856	9522.364	1.02375424	50.44370651	1.00237966	0.134242595	-0.0372274698	-0.0570963836	0.013524942	-0.008596001800000001	-0.0448166852	-0.003681743	0.0419573632	0.0333937891	0.0220589465	-0.0399188436	0.0167689832	0.055792727300000004	0.04313028730000001	-0.0105884827	-0.0568612282	-0.0631480654	-0.025027969599999998	0.0306922754	0.0	0.0260273	0.0230778	0.0177833	-0.00088236	0.000564282	-0.000232189
7172.0166	7042.8667	9519.957	0.98784804	48.67449188	0.97937369	0.05132135	0.037892986600000005	-0.022338646	-0.0684482471	0.044007999000000006	-0.008000265	0.0487143566	-0.029163419700000002	-0.0209664324	0.0750532217	-0.019076158899999997	-0.025790808199999998	0.0726395956	0.0427772687	-0.0115003113	-0.0575685863	-0.0625424883	-0.0228714805	0.0331259514	0.0	0.0257875	0.0133315	0.0450065	-0.000653272	0.000564282	-0.000179036
7202.2983	7059.283	9538.771999999999	1.0519613	51.83356094	1.02840698	0.1959361	0.0778007986	0.021573805699999997	-0.033399825099999995	-0.0075464473	0.0648220031	-0.0229471925	-0.0945392226	0.0076635133999999995	-0.0006428687	0.053829575	-0.0780370887	0.08873992929999999	0.042422183499999995	-0.0124099178	-0.0582509159	-0.0618885731	-0.0206873721	0.0355020262	0.0	0.0246364	0.099173	0.11099	-0.00143438	0.000581029	-0.000117691
7171.598000000001	7044.3486	9522.053	1.00343561	49.44253922	0.99081928	0.07372205000000001	0.0048879512	0.050629973099999996	4.89473e-05	-0.0557291321	0.0677703854	-0.0063040048	0.0048182165	0.0191922824	-0.0595245296	0.0775071168	-0.0380907594	0.0346654625	0.0420650491	-0.013317126200000001	-0.0589079204	-0.061186825099999995	-0.0184782818	0.0378163683	0.0	0.0240708	0.0712277	0.0802719	-0.00136432	0.00069001	-0.000228511
7173.423000000001	7041.129	9519.436	0.99256557	48.90694046	0.97695106	0.0827572	0.0362251827	0.0502636389	0.0659390078	0.0226887591	0.0211871102	0.0451651382	-0.0285484267	-0.0338473084	-0.0736526416	-0.0278346771	-0.015093013999999998	0.0722091654	0.0417058825	-0.0142217614	-0.059539314	-0.0604377867	-0.016246877399999998	0.0400649533	0.0	0.0360262	0.045716	0.0743408	-0.000858652	0.000948865	-0.000205854
7155.4087	7035.5146	9517.996	0.9846313	48.51599121	0.97500873	0.0761455	0.0666769878	-0.0372640849	0.0672959878	0.0256534036	0.028433639900000002	0.0231579586	-0.0602725513	0.0198558045	-0.014679899299999999	-0.0544020789	-0.0192301872	0.0689554767	0.0413447012	-0.0151236484	-0.060144822199999996	-0.0596420368	-0.013995853400000001	0.042243871399999994	0.0	0.028189	0.0715495	0.0889449	-0.00116081	0.000719944	-0.000232189
7195.189	7028.5176	9526.474	1.00514042	49.52654648	0.9913857	0.139519445	-0.0053040016	-0.0885344543	0.025165603999999998	-0.0595750082	0.020871186	-0.0521369438	-0.0024555538	0.1335075412	-0.022110121899999998	-0.014019028999999999	-0.018433193	0.0608155474	0.0409815226	-0.0160226132	-0.060724182	-0.058800190599999996	-0.011727928200000001	0.044349333600000006	0.0	0.0116352	0.129592	0.0608735	-0.00146763	0.000539729	1.78109e-05
7170.7104	7034.894	9534.357	1.02316594	50.41471863	1.00073683	0.204840995	-0.0113042978	-0.0446888196	-0.0604119383	-0.0189785019	-0.0270145133	0.045001313200000004	0.0263872302	0.026111077400000002	0.0568863938	-0.0202056025	0.021750821899999998	0.09001279539999998	0.0406163642	-0.0169184818	-0.0612771412	-0.0579128985	-0.0094458404	0.046377679000000005	0.0	0.0282004	0.0372533	0.0242341	-0.0006637	0.0007447349999999998	-0.000159207
7185.883000000001	7033.6133	9537.157	0.98706448	48.63588333	0.97573423	0.0545537	0.0440220278	0.0280898514	-0.0603208812	0.0028926781	-0.041943372199999995	-0.0067141747	-0.0412211921	-0.029797533199999997	0.0358165819	0.039036502599999995	-0.0164297858	0.06116119230000001	0.0402492438	-0.0178110813	-0.0618034597	-0.0569808464	-0.0071523459999999995	0.0483253804	0.0	0.0282393	0.0401718	0.061689	-0.0008886929999999998	0.000755865	-0.000112502
7172.33	7032.137	9542.889000000001	1.01943612	50.23093796	1.001405	0.157741745	0.0445740873	0.0359781079	0.0289715549	-0.0621769012	0.036944595499999996	-0.0541982775	-0.0576907653	0.041019322000000004	-0.07591366440000001	0.051589841100000006	-0.0189059126	0.0835481069	0.039880179	-0.0187002392	-0.062302908399999996	-0.0560047547	-0.0048502144	0.050189051299999995	0.0	0.0181328	0.120648	0.0845155	-0.00154846	0.000659294	1.78109e-05
7179.243	7042.694	9543.693000000001	1.02837622	50.67144775	1.00896227	0.211702685	-0.0151479628	0.0316861855	0.0716517987	-0.0070837814	0.0413279364	0.1010919697	0.032592611800000004	0.0255292981	-0.0849735105	-0.0218000806	0.0202635538	0.0779546509	0.039509187599999995	-0.0195857836	-0.0627752703	-0.054985377800000006	-0.0025422258	0.0519654508	0.0	0.0282191	0.0329414	0.0283111	-0.0006637	0.00081487	-9.59608e-05
7183.283	7032.154	9536.92	0.99877924	49.21310806	0.98349321	0.016944110000000002	0.0463980742	-0.046733671399999996	0.032207094	0.0410777867	-0.0332944896	0.076228277	-0.033538730499999996	-0.0057959925	0.0218916651	-0.0817281253	0.0134624882	0.0523484542	0.0391362877	-0.0204675434	-0.0632203401	-0.053923503399999996	-0.0002311673	0.0536514901	0.0	0.0281988	0.0271803	0.0353936	-0.0006637	0.000818316	-0.000174119
7188.734	7040.17	9553.989	1.04282784	51.38352585	1.02169478	0.22754	0.0956644111	-0.042465221	-0.040135141	-0.0169417484	0.1118186265	0.08842586919999999	-0.09736436550000001	0.0632401202	0.0368997411	0.0142684402	-0.0427215966	0.09668383039999999	0.0387614971	-0.0213453483	-0.0636379241	-0.0528199524	0.0020801704000000002	0.0552442375	0.0	0.018795	0.114283	0.102966	-0.00158795	0.000531414	-0.000232189
7191.313	7047.6759999999995	9559.319	1.0578891	52.12564468	1.03076923	0.17308885	-0.0237787719	0.0152627156	-0.025653816200000002	-0.11891344300000001	0.010591828000000001	0.022265749300000002	0.0329008339	0.043407178600000006	-0.013270075800000001	0.0894316668	0.0343808804	0.0759272189	0.038384834	-0.0222190286	-0.064027841	-0.051675577699999996	0.0043889962	0.0567409233	0.0	0.0281801	0.0561053	0.0310181	-0.00103786	0.000652887	-0.000232189
7179.9033	7051.32	9544.756	0.99843812	49.19630051	0.98597658	0.068583175	-0.009965994399999999	0.07773887730000001	0.0203368133	-0.011326948100000001	-0.0151774746	0.053754852	0.0203766042	-0.0465304331	-0.0483276299	-0.0021505527	-0.033486128	0.116693735	0.0380063166	-0.023088415499999997	-0.0643899211	-0.050491263700000004	0.0066925218	0.05813894519999999	0.0	0.0282136	0.0324526	0.0472316	-0.0006637	0.000716546	-9.63385e-05
7183.985	7048.4424	9544.158000000001	1.03958774	51.22387695	1.01139545	0.162548275	-0.0008526953999999999	-0.0096406534	0.0776132237	-0.0063416825	0.078103137	-0.0079211225	-0.027187866499999998	0.056441409000000005	-0.0749036168	-0.0615348554	-0.0908824466	0.074631013	0.0376259632	-0.023953341	-0.064724007	-0.0492679257	0.0089879656	0.059435872	0.0	0.0243606	0.114545	0.08763419999999998	-0.00124161	0.000678395	-0.000204283
7226.705	7053.6133	9543.894	1.07180262	52.81120682	1.03548574	0.1475302	-0.0866704271	-0.0546982663	0.0475884263	-0.0093279593	-0.0514652781	-0.0732876465	0.0764561346	0.0700218351	-0.0362898042	-0.0585142214	-0.0107810594	0.0030013997	0.0372437922	-0.024813638	-0.0650299535	-0.0480065093	0.011272555600000001	0.0606294487	0.0	0.0281723	0.0601309	0.0255823	-0.0007581419999999998	0.000713861	-0.000178167
7167.4077	7046.916	9514.634	1.00191116	49.36742783	0.98502028	0.07053309999999999	-0.0588183526	-0.0408757919	-0.0278745082	0.0481127985	-0.029209517200000003	-0.0153205849	0.0455312759	0.0198299704	0.058136695599999996	-0.0417268912	-0.0648564872	0.0041718831	0.036859822	-0.025669140299999997	-0.0653076276	-0.046707989400000004	0.013543533100000001	0.0617175998	0.0	0.0318614	0.0244883	0.0163459	-0.000358491	0.000698331	-0.000154048
7169.8135	7065.981	9535.419	1.31154168	64.62393188	1.24873054	0.297261575	0.0406487389	-0.005302724799999999	-0.046755073	0.043050551799999996	0.0460272112	-0.0621888533	-0.06303198410000001	0.0170720917	0.0046686527	0.012157788700000002	-0.1109982417	-0.0360072171	0.0364740711	-0.0265196824	-0.0655569085	-0.0453733696	0.0157981555	0.0626984332	0.0	0.0194721	0.112371	0.0656035	8.75585e-05	-0.000589827	-0.00137448
7182.581999999999	7040.66	9526.322	1.24296749	61.24505997	1.18148816	0.12854312499999998	-0.006720481800000001	0.0319024605	-0.0329039732	-0.0384193641	0.0467283088	-0.0843257325	0.0026089942	0.024551476000000003	-0.037361851	0.08992841369999999	-0.0204873823	-0.0590654687	0.0360865582	-0.0273651002	-0.0657776879	-0.0440036813	0.0180337002	0.0635702434	0.0	0.025581	0.0959364	0.0188209	-0.000244892	-0.00021234	-0.000900077
7168.2227	7032.659000000001	9520.754	1.02771711	50.63897324	1.00568187	0.12684563499999998	0.0238574388	0.0639250895	0.012509569299999999	0.0138471022	-0.047678643300000004	-0.028703457400000004	-0.0060560648	-0.0570572838	-0.052576841900000004	0.0172876126	0.048324966	-0.0472290239	0.0356973021	-0.0282052302	-0.06596986980000001	-0.0425999833	0.0202474676	0.0643315143	0.0	0.0224963	0.0113715	0.00877615	9.53077e-05	-0.000200867	-0.00113143
7166.463000000001	7024.1669999999995	9534.719000000001	1.01894522	50.20674896	1.00008857	0.176188285	0.06677334759999999	-0.0045544467	0.0728514161	0.022333787	0.0043363432	0.030314531699999998	-0.0824497728	-0.0017561011	-0.0399955366	-0.048299216299999996	0.028298032400000003	-0.0150038154	0.0353063215	-0.029039910099999997	-0.06613337059999999	-0.0411633604	0.0224367844	0.06498092230000001	0.0	0.021237	0.0624909	0.0516651	-0.000595259	0.000116264	-0.000520715
7200.161	7028.2085	9544.158000000001	1.03360534	50.92910385	1.00829589	0.060505	-0.014532548000000001	-0.1010191127	0.0337848936	-0.0744171415	-0.008007987099999999	-0.0586501687	0.0112759275	0.1081124999	-0.0060418131000000005	0.0015889742000000002	0.070064387	-0.0010500676	0.034913635299999995	-0.0298689786	-0.0662681193	-0.039694923	0.024599006800000003	0.0655173382	0.0	0.0213019	0.074993	0.0134159	-0.000458957	0.000116264	-0.000463241
7168.448	7025.674	9535.856	1.0020752	49.37550735	0.98960567	0.14599686499999998	-0.030290576099999997	-0.0328483866	-0.056782263099999994	-0.0107616221	-0.0495346068	0.0502734817	0.0407557457	0.0130999654	0.0734737733	0.0226046264	0.0318677558	0.033933706099999995	0.0345192625	-0.0306922754	-0.0663740572	-0.038195806	0.026731523700000002	0.0659398291	0.0	0.0211656	0.00260306	0.00298268	0.000118974	-4.79191e-05	-0.000981875
7170.455	7030.1963	9523.311	0.97183824	47.88563538	0.96760851	0.055739428999999986	-0.0009334625999999999	0.0341977957	-0.050848545700000004	-0.015492911100000001	-0.0250878659	-0.0070666537	-0.0185619	-0.040525253	0.0399000406	0.0581998921	-0.0322153216	0.0398455514	0.0341232221	-0.0315096416	-0.0664511384	-0.0366671679	0.028831759900000004	0.0662476605	0.0	0.0212042	0.0244979	0.0223749	-4.17019e-05	-8.99562e-06	-0.000893199
7160.4517	7022.433000000001	9521.189	1.00931823	49.73239517	0.99685472	0.174162686	-0.018689906699999998	0.0357426467	0.0253117333	-0.015004858400000001	0.0949273221	-0.0460693303	-0.0024434872	0.0372943542	-0.0728150412	0.049800108899999994	-0.0296888431	-0.0262354802	0.0337255333	-0.0323209192	-0.0664993292	-0.0351101904	0.0308971792	0.0664402971	0.0	0.0217163	0.10173	0.0448769	-0.000958973	0.000116264	-0.0004574
7169.3267	7025.3433	9512.72	1.02805138	50.65544128	1.00462806	0.193034385	-0.0335254071	0.034375443900000004	0.058041384800000005	0.0566229308	0.0480941305	0.08805660859999999	0.0434357308	-0.015840320800000002	-0.05331460230000001	-0.021160037599999997	0.0169430264	-0.0168953732	0.033326215299999996	-0.0331259514	-0.0665186088	-0.0335260768	0.0329252874	0.0665174038	0.0	0.0330187	0.000339515	0.0240511	-0.000314393	0.000210181	-0.000909217
7149.7246	7029.431	9506.859	0.98880184	48.72148895	0.9731878	0.03276675199999999	0.0380103699	-0.048335774299999995	0.0140022175	0.0698037074	0.0033586968	0.0042460998	-0.0209942966	-0.0037997878999999997	0.0481859952	-0.0626326376	0.0436428137	-0.0498086119	0.0329252874	-0.033924582599999996	-0.0665089688	-0.0319160513	0.034913635299999995	0.0664788467	0.0	0.0296784	0.000380267	0.0238637	0.000124506	0.000116264	-0.000960367
7171.185	7029.155	9514.53	1.01164889	49.84723663	0.99457788	0.191545978	0.06976760480000001	-0.0432653603	-0.06667061219999999	0.0050616351	0.0699629218	0.0343445951	-0.06949872879999999	0.05346607019999999	0.0553441347	0.0415475166	0.0114726197	-0.0191519173	0.0325227688	-0.0347166586	-0.0664704133	-0.0302813584	0.036859822	0.0663246928	0.0	0.0193612	0.0998677	0.0413598	-0.000579144	-2.51269e-05	-0.000520503
7170.6445	7040.8384	9530.327	1.01496971	50.01086426	0.99481851	0.127821065	-0.0002362824	0.0239551811	-0.0512514326	-0.0642522298	-0.0219820098	-0.0075534674	0.008850989200000001	0.004994555	0.0034556589	0.0832426842	0.047641038600000005	-0.0046630827000000005	0.0321186792	-0.0355020262	-0.0664029592	-0.0286232615	0.0387614971	0.0660552101	0.0	0.0335504	0.046361	0.00211623	-0.000537873	0.00021252	-0.000659217
7177.9097	7038.6934	9531.359	0.99640143	49.09594345	0.97618687	0.09541481999999997	0.0388649572	0.07795197849999999	0.0289493031	-0.0219935223	-0.08134543059999999	-0.0346569733	-0.010513886399999998	-0.0587991645	-0.0554403738	0.0383748019	0.0695486069	0.019078456299999998	0.031713038	-0.0362805338	-0.0663066357	-0.026943042099999998	0.0406163642	0.0656708672	0.0	0.0320085	0.010036	0.0106235	0.00015913	0.000210977	-0.000941484
7161.7935	7042.8687	9541.915	1.00730371	49.63313675	0.9886362	0.1584151	0.0566315005	-0.0210115478	0.0740547605	-0.0137466273	0.038732607200000005	0.0134177678	-0.0365876991	0.034299272400000004	-0.0514578962	-0.054788608600000004	0.0241654875	0.0040249267	0.031305864700000005	-0.0370520308	-0.0661814847	-0.0252419988	0.042422183499999995	0.0651723324	0.0	0.0253912	0.09004829999999998	0.0216156	-0.000464886	0.000116264	-0.000444345
7178.132	7044.9130000000005	9547.443000000001	1.00916982	49.7250824	0.98914647	0.14175247	0.0032978884000000003	-0.072567373	0.0268668677	-0.045876776699999997	-0.053970207	0.0397066305	0.0070358687	0.028723995899999997	0.028258275899999998	-0.0360121129	0.0759985387	0.0213237821	0.0308971792	-0.0378163683	-0.0660275606	-0.0235214464	0.0441767743	0.0645604726	0.0	0.0266118	0.0156522	-0.00848987	-0.000102012	0.000116264	-0.000802077
7164.8257	7048.859	9552.496	0.98064923	48.31978226	0.97269475	0.13202746999999998	0.043773292699999994	-0.0354177402	-0.0532860766	-0.0245037043	-0.029325430099999997	0.0957137598	-0.019727920700000002	-0.0133084921	0.08684623359999999	-0.0076555257	0.058937447999999996	0.0544681727	0.030487001	-0.0385733985	-0.0658449304	-0.0217827146	0.0458780176	0.0638363518	0.0	0.0156722	-0.0270169	0.0027659	0.000721257	-0.000366011	-0.000839793
7171.517	7053.75	9561.255	1.01464224	49.99472809	1.00183892	0.26647055	0.0460460047	-0.0073422228	-0.0525053778	-0.04988827480000001	0.035453543399999995	0.0215629961	-0.0472864694	0.0346417143	0.0341102916	0.0402157708	-0.0313567256	0.0431943673	0.0300753501	-0.0393229751	-0.06563367349999999	-0.0200271473	0.0475238591	0.0630012291	0.0	0.0217032	0.0882039	0.0291168	-0.000712029	0.000116264	-0.000377997
7198.3769999999995	7052.5464	9563.484	1.01845646	50.18266678	0.999928	0.14634585	-0.0463204962	0.053573171399999994	-0.030107097200000002	-0.0738482032	-0.0083891214	0.07720044549999999	0.0650354514	-0.025703192200000002	-0.0300688932	0.0721483986	0.0206321441	0.0700232966	0.0296622463	-0.0400649533	-0.0653938816	-0.0182561012	0.0491123114	0.0620565566	0.0	0.0291919	0.024509	-0.0145175	-0.000362691	0.000116264	-0.000659218
7169.9106	7050.148	9542.555	0.97308123	47.94688416	0.96642625	0.08641757	-0.0449056958	0.0694689346	0.0230324209	-0.0086867226	0.009461327299999999	0.0661393282	0.0518615171	-0.0558951986	-0.0477657187	-0.0140907113	-0.0201332264	0.047563554	0.029247709500000003	-0.040799189799999996	-0.0651256591	-0.0164709454	0.0506414561	0.061003977	0.0	0.0342006	-0.00137159	0.00557743	6.9341e-05	0.000116264	-0.000935853
7161.8223	7042.4890000000005	9541.463	1.01646888	50.08473587	0.99808532	0.196611565	-0.04224851190000001	-0.0070422955	0.07309549900000001	0.0069419866	0.05796598769999999	-0.015289281399999998	0.010587092099999999	0.050577591799999995	-0.0692091216	-0.029291092799999998	-0.0622954647	0.0072040175	0.028831759900000004	-0.0415255426	-0.0648291226	-0.0146730593	0.052109446799999994	0.0598453205	0.0	0.0253803	0.082254	0.04405	-0.000843495	-8.1271e-06	-0.000659218
7171.878000000001	7046.8975	9531.065999999999	1.02811527	50.65859222	1.0060221	0.205024725	-0.07016143679999999	-0.049331489299999996	0.0255279748	0.040035020899999996	-0.0649562723	-0.0486639538	0.06657586759999999	0.015866362	0.0167937627	-0.0502280191	0.0035108390000000004	-0.0466256792	0.028414417400000003	-0.042243871399999994	-0.0645044009	-0.0128638327	0.053514510700000004	0.0585826019	0.0	0.0240794	0.00490048	-0.0110419	6.95052e-05	-0.000132763	-0.00104715
7199.335999999999	7056.571999999999	9539.942	1.13706064	56.02668381	1.09519541	0.19604722	0.0331255614	-0.0280558423	-0.0687515006	0.0811221637	-0.0223346918	-0.0473081321	-0.0311412071	-0.0274120094	0.0806506764	-0.01938821	-0.032685658799999996	0.0048671992	0.0279957023	-0.0429540374	-0.06415163530000001	-0.011044663799999998	0.054854951	0.0572180169	0.0	0.0481584	-0.0461088	0.021851	0.000975183	0.00047082	-0.00079509
7153.9087	7037.4116	9521.695	1.16145337	57.22859192	1.12033784	0.0498786	0.0629357481	0.0149568938	-0.0623713218	-0.0323804802	0.0613274144	0.0031119379	-0.046291377	-0.0337684579	0.0429227504	0.0412130442	0.0476405838	-0.0842163869	0.0275756348	-0.0436559033	-0.0637709792	-0.0092169587	0.056129149100000005	0.0557539383	0.0	0.0656214	-0.0357398	0.0141631	0.0007580399999999998	0.000536744	-0.0007991969999999998
7145.7725	7041.4863	9536.896	1.06783283	52.61560059	1.03965998	0.13174612	0.0283092508	0.054617473099999994	0.0420069704	0.0143422821	0.0011802678	0.0203756827	-0.0195068505	-0.0836641606	-0.019296813700000002	-0.0197873491	0.0343088847	-0.0025885556	0.027154235099999997	-0.044349333600000006	-0.0633625979	-0.0073821299	0.0573355663	0.0541929118	0.0	0.0195247	-0.00226468	0.0174653	0.00115016	0.000105717	-0.000953492
7171.135	7045.549	9550.279	1.06995773	52.7203064	1.04402828	0.19590781	-0.0159079799	-0.0756461799	0.0205986587	-0.0293189157	0.0104918197	-0.031254093	0.0137204747	0.080776834	0.008203598000000001	-0.015984925900000002	0.0388777177	-0.0414933991	0.026731523700000002	-0.0450341943	-0.0629266692	-0.0055415955000000005	0.0584727457	0.052537652000000004	0.0	0.0196338	0.093993	0.00958768	7.87612e-05	-5.70934e-05	-0.000354433
7172.388000000001	7045.6343	9552.223	1.02775025	50.64060593	1.00935256	0.19529235	-0.0290144855	0.0397767062	-0.040362619100000004	-0.030223288100000002	-0.033929882200000004	-0.0069030048	0.028697590099999996	-0.0467394942	0.0413765796	0.0479741213	0.0410665947	0.0043363645	0.0263075209	-0.0457103529	-0.0624633824	-0.0036967782	0.059539314	0.050791037000000004	0.0	0.0306534	-0.014664	-0.0118264	0.000510748	9.31302e-05	-0.000856256
7174.0366	7048.5425	9547.875	0.9715386	47.8708725	0.96595323	0.03272406	-0.0100256836	0.0556628883	0.010801873100000001	0.027474233799999997	-0.022054476200000003	-0.0021673604000000003	0.0003674516	-0.0695327161	-0.020061788799999997	-0.022394071499999998	-0.0039939521999999995	-0.0285886631	0.025882247200000003	-0.046377679000000005	-0.0619729391	-0.0018491037	0.0605339832	0.0489561039	0.0	0.0299751	-0.00663926	-0.00898003	0.000918082	9.31302e-05	-0.000840097
7197.0776	7057.874	9558.269	1.02033031	50.27499771	1.00225508	0.1552383866	-0.0652158115	-0.0472793718	0.07781519049999999	-0.0105608227	0.0091524495	-0.0788736093	0.0452998826	0.0601992788	-0.0599964965	-0.041433133399999995	-0.012369132199999999	-0.059252365300000005	0.0254557233	-0.0470360434	-0.06145555230000001	-0.0	0.06145555230000001	0.0470360434	0.0	0.0249329	0.0733294	5.5166e-06	4.74184e-05	9.31302e-05	-0.000485921
7209.628000000001	7052.963000000001	9546.928	1.01837742	50.17877579	0.99943346	0.1951988116	-0.091710414	-0.0432695299	0.006429648299999999	0.0503836421	-0.06464753940000001	-0.040246064399999996	0.09110847539999999	-0.0169197469	0.0462214905	-0.04815923440000001	-0.0008562363	-0.062399296900000005	0.025027969599999998	-0.0476853191	-0.060911447199999996	0.0018491037	0.062302908399999996	0.0450341943	0.0	0.0223936	-0.0333306	-0.0280264	0.000753266	-7.77261e-05	-0.0007685689999999998
7177.8877	7060.474	9534.572	1.00663805	49.60033798	0.99051875	0.05121891499999999	-0.0215271862	-0.0174204159	-0.07793539099999999	0.09215279289999999	-0.0116535364	-0.03101488	0.0104347799	-0.0261495193	0.1012683001	-0.0094980437	-0.0728360366	-0.0424241155	0.024599006800000003	-0.0483253804	-0.0603408602	0.0036967782	0.0630750281	0.0429540374	0.0	0.021856	-0.0233543	0.00439965	0.000801935	-7.01668e-05	-0.000659218
7181.016	7035.08	9528.123	1.03196514	50.84828568	1.01304269	0.14753898499999998	-0.0007919846	0.012099878500000001	-0.0750120274	0.0096178427	0.0380414786	-0.07608785	-0.0043177506	0.015640096200000002	0.0283474273	0.09203824449999999	-0.0459764848	-0.0852404368	0.0241688557	-0.0489561039	-0.059744039400000004	0.0055415955000000005	0.0637709792	0.040799189799999996	0.0	0.0242292	0.0528083	0.00929441	-0.000436176	-2.61093e-05	-0.000659218
7186.715	7040.262	9522.402	1.02872717	50.68873978	1.00273049	0.205649	0.0274673749	0.0819636067	-0.0101499396	0.014341058600000001	-0.0872416572	-0.0800750719	0.0010437316	-0.0804341466	-0.0342603587	0.0303834888	0.0453831318	-0.07492858150000001	0.0237375371	-0.0495773675	-0.0591212443	0.0073821299	0.0643899211	0.0385733985	0.0	0.0258237	-0.0561346	-0.0241685	0.0007322449999999999	3.84435e-05	-0.000659218
7193.937	7037.056	9537.12	1.03119934	50.81055069	1.00685048	0.11332202	0.1027651369	0.0163374836	0.0560482029	0.0172630644	-0.0583983115	0.010835268899999998	-0.09106053189999999	-0.0462746023	-0.020799043	-0.045577151100000005	0.0736928579	-0.039034279399999997	0.0233050717	-0.050189051299999995	-0.0584727457	0.0092169587	0.0649311064	0.0362805338	0.0	0.0234354	-0.00558712	0.0130932	0.000553062	9.31303e-05	-0.0008878389999999998
7206.7505	7034.5684	9576.424	1.06952167	52.69881439	1.04035425	0.15471285499999998	0.0727510785	-0.0666641315	0.0056355571999999994	-0.0666932026	0.039660978199999995	0.053899905199999994	-0.043683660199999995	0.07795995139999999	0.0291750623	0.020391415	0.0957988392	-0.036811903	0.0228714805	-0.050791037000000004	-0.0577988254	0.011044663799999998	0.0653938816	0.033924582599999996	0.0	0.0251797	0.077564	0.0034735	-0.000181641	0.000146669	-0.000472126
7170.294	7039.6025	9589.293	1.03250206	50.8747406	1.01261222	0.17746298499999996	0.034683143300000004	-0.006109252700000001	-0.039680670099999996	-0.060424955499999995	-0.062163368499999996	0.08345927759999999	-0.014152788799999998	-0.0403442401	0.056035530300000004	0.0166651718	0.0733289984	0.0415643387	0.0224367844	-0.051383208300000004	-0.057099776500000005	0.0128638327	0.0657776879	0.0315096416	0.0	0.0215677	-0.0296405	-0.008225039999999998	0.000366121	1.2223100000000003e-05	-0.000888877
7170.494000000001	7051.602	9604.511999999999	1.00233424	49.38827133	0.99044788	0.1475984	0.0370644196	0.0344541141	0.0089032496	-0.0596759064	-0.0496159184	-0.0195395235	-0.0451643669	-0.0344822842	-0.012971618999999998	0.022095557999999998	-0.0006592448	0.0810911738	0.0220010045	-0.0519654508	-0.056375902900000004	0.0146730593	0.0660820618	0.029039910099999997	0.0	0.0295626	0.038162	0.0196039	-0.000202754	9.31303e-05	-0.000659218
7204.818	7053.4175	9610.247	1.0492419	51.6995697	1.0226357	0.08707584	-0.0709736626	0.0200666841	0.0412370973	-0.1105825718	0.0094151149	-5.41825e-05	0.08141053200000001	0.0512720382	-0.0710722787	0.032947611	0.026710820099999998	0.0536651615	0.0215641617	-0.052537652000000004	-0.0556275193	0.0164709454	0.0663066357	0.0265196824	0.0	0.0233702	0.0692102	0.00274021	-0.000646672	9.31303e-05	-0.000443705
7210.3286	7071.257	9584.507	1.01662445	50.0923996	1.00285327	0.180340035	-0.0952139218	0.0216679428	0.054449904800000004	0.0022115993	-0.0312669803	0.0488065296	0.0953777074	-0.0379743875	-0.0340722139	-0.0714172552	-0.016781209499999998	0.0291738887	0.0211262772	-0.053099701299999996	-0.054854951	0.0182561012	0.0664511384	0.023953341	0.0	0.0330399	-0.00132044	-0.0219985	0.00022612	0.000262845	-0.000909218
7164.5703	7066.0493	9553.07	0.99437273	48.99598312	0.98574471	0.10628577	-0.0538509974	-0.024611179500000004	0.045378290700000004	0.07403912559999999	-0.020414876000000002	-0.0383118085	0.0281256914	0.0025652435	-0.0073100277	-0.09677907470000001	-0.0899971266	0.014314224399999999	0.0206873721	-0.0536514901	-0.0540585341	0.0200271473	0.0665153954	0.0213453483	0.0	0.0295747	0.0283489	0.00947858	-0.000171189	0.000449019	-0.000659218
7200.621	7059.5796	9547.876	1.05216098	51.84339905	1.02103364	0.12219128	-0.0909023931	-0.0813044328	0.0064678960999999995	0.014216420700000001	-0.048304548200000005	-0.1382020269	0.06306643099999999	0.09880730480000001	0.015055298100000001	-0.0265428708	-0.0296167167	-0.061716302599999995	0.0202474676	-0.0541929118	-0.0532386146	0.0217827146	0.0664993292	0.0187002392	0.0	0.0196924	0.0825334	-0.0128906	-0.000367524	0.000218751	-0.000370715
7185.4077	7058.425	9529.145	1.02460718	50.48573303	1.00140488	0.16624418	-0.0641616125	-0.027022726299999997	-0.0769889441	0.0716631255	-0.031695820699999995	-0.0240606463	0.0596875178	-0.023574596899999998	0.0855628606	0.0071019559999999995	-0.044023385400000004	-0.0618879017	0.019806585	-0.054723861799999995	-0.0523955491	0.0235214464	0.0664029592	0.0160226132	0.0	0.0324341	-0.00688433	-0.0244077	0.000184597	0.000275272	-0.000813426
7158.5366	7040.8906	9516.421	0.98389232	48.47957993	0.97313011	0.056468560000000015	0.010322720300000001	0.031262452	-0.0724722104	0.051365016500000006	-0.0227063004	-0.0633331537	-0.0202195064	-0.0684696962	0.0484936634	0.038269257599999995	-0.0758729276	-0.0643880796	0.0193647456	-0.0552442375	-0.051529704100000004	0.0252419988	0.0662264016	0.013317126200000001	0.0	0.0328045	0.00500753	-0.015899	0.000540095	0.000121172	-0.00101778
7152.691999999999	7029.4253	9523.599	1.0139569	49.96096039	1.00125694	0.18496276	-0.0025904154999999997	0.034759271099999996	0.0036745308000000003	-0.0280633317	0.0260470815	-0.10359985630000001	-0.025013652799999998	0.0200909267	-0.0470553559	0.064692709	0.0015761481	-0.0891854009	0.0189219708	-0.0557539383	-0.0506414561	0.026943042099999998	0.06596986980000001	0.0105884827	0.0	0.033368	0.08489159999999998	0.00694739	-0.000567878	0.000288013	-0.000659218
7165.0366	7035.257	9534.966	1.01204538	49.8667717	0.99179476	0.14633253	-0.026979975299999997	0.0627285353	0.050821890599999996	0.0442905857	0.0045830446	0.060048120999999996	0.031964821000000004	-0.0489669884	-0.0488771407	-0.0188188738	0.024687730499999998	-0.0574742806	0.0184782818	-0.0562528657	-0.049731191200000004	0.0286232615	0.06563367349999999	0.0078414274	0.0	0.0361103	-0.00562941	-0.00269868	-0.000123487	0.000462085	-0.000909218
7158.4106	7026.6646	9535.521999999999	0.983998	48.48478699	0.97088319	0.022258449999999996	0.0439186851	-0.047384962	0.045483091600000004	0.055191568200000006	-0.030943634700000004	0.0355385685	-0.0335332555	-0.0353086051	0.0266425525	-0.0661787522	0.0565858599	-0.0415068626	0.0180337002	-0.0567409233	-0.048799305099999996	0.0302813584	0.0652182186	0.005080737100000001	0.0	0.0360795	-0.010553	-0.00292264	0.000184133	0.000428103	-0.000909218
7177.464	7033.9155	9546.864	1.0117594	49.85268021	0.99533099	0.12707266	0.0033978135999999997	-0.080816704	-0.024474099	-0.033819928	0.0353773027	-0.020812098600000002	0.0027083809	0.0686128687	0.0525918164	0.0020495573	0.0389215614	-0.0371024951	0.0175882474	-0.0572180169	-0.0478462031	0.0319160513	0.064724007	0.0023112121	0.0	0.0333166	0.0620302	-0.0113855	-0.000431141	0.000428103	-0.000659218
7165.245	7028.1904	9539.614	0.99595207	49.07380295	0.98489857	0.132115	-0.046200884299999995	0.0056288989	-0.0688714116	-0.0277909413	-0.0461817627	0.045641222599999996	0.048502984400000004	-0.0197119374	0.0596407253	0.0537591716	0.048596109299999996	0.0099600874	0.017141945	-0.0576840542	-0.046872299400000005	0.0335260768	0.06415163530000001	-0.0004623318	0.0	0.0360843	-0.0112524	-0.0328076	0.000126227	0.000428103	-0.000794702
7161.433000000001	7036.3765	9526.791	0.98217082	48.39475632	0.97113103	0.049216803	0.0008879569000000001	0.07341544309999999	-0.03379744	0.0063040636	-0.0427769178	-0.047236426100000006	-0.0028470869	-0.0802488871	-0.0006747475999999999	0.0461331462	-0.016339192199999998	0.013077848400000001	0.0166948144	-0.05813894519999999	-0.0458780176	0.0351101904	0.0635017949	-0.0032350716999999998	0.0	0.0340771	-0.000360307	-0.00647189	0.00031533	0.000428104	-0.000805234
7160.9746	7035.3154	9526.627	1.01521266	50.02283478	0.99517637	0.149957727	-0.015020956200000001	0.046893297599999995	0.032476475	-0.0013770954	0.0574245705	-0.054839041399999996	0.0002739289	0.011564933999999999	-0.0734239813	0.0315119524	-0.009276921899999999	-0.0311874218	0.016246877399999998	-0.0585826019	-0.044863789800000005	0.0366671679	0.0627752703	-0.0060021863	0.0	0.0333511	0.07261729999999998	0.00956253	-0.000743047	0.000428103	-0.000659218
7212.423000000001	7066.225	9546.5	1.19775081	59.01708603	1.13327348	0.27566047	0.0618433006	0.029682204700000003	0.053930551900000005	0.09250276380000001	-0.0515739703	0.0410685575	-0.0398558761	-0.0334179623	-0.0653014816	-0.0878458474	-0.0023409794	-0.0049838162	0.0157981555	-0.0590149387	-0.043830057	0.038195806	0.0619729391	-0.008758864	0.0	0.0484769	-0.0537343	0.0125721	0.0012977100000000003	0.000860408	-0.000809626
7221.6904	7058.2725	9542.171	1.23423004	60.81453705	1.16293252	0.09053580000000001	0.0607533385	-0.08078851940000001	-0.0220786504	-0.0116574308	0.0786112787	0.09961417759999999	-0.0217704791	0.0158440166	0.07151384400000001	-0.0171264145	0.1034804673	-0.059502320899999996	0.0153486704	-0.059435872	-0.0427772687	0.039694923	0.0610957699	-0.0115003113	0.0	0.0313362	-0.0485918	-0.0205422	0.00127989	0.00032587	-0.000659218
7136.8604	7048.927	9539.216	1.03194296	50.84719086	1.01295722	0.024237900000000007	-0.0018850218	0.048127567999999996	-0.0321108052	-0.0356575331	-0.0313998283	0.0657102859	0.0275150841	-0.0957209037	0.039404504	0.04615863	0.06795955	0.00017317220000000002	0.0148984438	-0.0598453205	-0.0417058825	0.0411633604	0.060144822199999996	-0.0142217614	0.0	0.0311418	-0.0563807	-0.0309396	0.00127917	0.000209446	-0.000659218
7159.63	7059.6304	9551.553	1.04713142	51.59557724	1.02616501	0.20674356	-0.0064014087	0.0209859748	0.07396876549999999	-0.0225073623	0.07024091980000001	0.010920871100000002	-0.0105902682	0.024734081499999998	-0.055271979000000006	-0.0275015282	-0.030061667799999997	-0.0314487179	0.0144474976	-0.060243205	-0.0406163642	0.0425999833	0.0591212443	-0.0169184818	0.0	0.0336772	0.0714034	-0.00749304	0.000299682	0.000289508	-0.000659218
7172.3384	7051.2095	9554.101	1.02378118	50.44503403	1.00519943	0.17068381	-0.028457097599999998	-0.036235275	0.0076764194	0.0308640523	-0.0626239777	0.0236777813	0.0420095132	-0.0201127768	0.049963868	-0.0601561419	0.037849845	-0.029706432799999998	0.013995853400000001	-0.0606294487	-0.039509187599999995	0.0440036813	0.0580262722	-0.0195857836	0.0	0.0337684	-0.029395	-0.0441989	0.000822853	0.000428104	-0.000659218
7174.7236	7046.5464	9552.902	0.96481025	47.53934479	0.9635433	0.026037399999999995	0.0030324984000000004	-0.0126237228	-0.0710693968	0.010717950300000001	0.0021849604000000003	0.0307915559	-0.0078411416	-0.0547557233	0.0799440672	0.0177260491	0.0122231666	-0.045225130499999995	0.013543533100000001	-0.061003977	-0.038384834	0.0453733696	0.0568612282	-0.0222190286	0.0	0.0336204	-0.0375824	-0.0325056	0.000943027	0.000428104	-0.000659218
7166.6016	7050.767	9561.157	1.0137614	49.95132828	0.99995899	0.203592959	-0.0239575487	0.0345385043	-0.018321223	-0.029635054700000003	0.059760420300000006	-0.0590502337	-0.0053976776	0.0019153539000000002	-0.0140302055	0.06451727480000001	-0.053491929900000006	-0.0381722985	0.0130905585	-0.0613667174	-0.0372437922	0.046707989400000004	0.0556275193	-0.024813638	0.0	0.0336788	0.0811449	-0.000216041	-0.000107327	0.000428104	-0.000659218
7218.7725	7058.8643	9558.86	1.01263595	49.89587402	0.99466473	0.143502159	-0.09144904449999999	0.046225314299999994	0.0548932988	0.013031012199999999	0.0421997453	0.0496133125	0.0956700432	-0.0082832134	-0.0657778719	-0.0144459821	-0.0220016967	-0.0405699453	0.012636951499999998	-0.0617175998	-0.0360865582	0.0480065093	0.0543266351	-0.0273651002	0.0	0.0361115	0.0064231	-0.0396255	0.000431437	0.000428104	-0.000659218
7176.856	7041.3564	9530.044	0.98587716	48.57738113	0.97683018	0.045879350000000006	-0.0471048622	-0.029716340600000002	0.015001849	0.11060997880000001	-0.035747616600000004	0.008347929399999999	0.0435509147	-0.0331303089	0.041516133399999995	-0.0915897955	-0.0177869647	-0.0717169691	0.012182734099999998	-0.0620565566	-0.034913635299999995	0.0492679257	0.0529601467	-0.0298689786	0.0	0.0361115	-0.0169903	-0.0260524	0.000609294	0.000428104	-0.000659218
7176.0454	7045.1123	9524.818000000001	1.01646781	50.08467865	0.999219	0.18583228	0.00035646239999999996	-0.0396181867	-0.0523265887	0.0629944848	0.0587554382	-0.0392336915	-0.0280740221	0.0416966607	0.050473848700000004	0.0089109746	-0.0920495928	-0.0527637563	0.011727928200000001	-0.0623835221	-0.0337255333	0.050491263700000004	0.051529704100000004	-0.0323209192	0.0	0.0318591	0.0888544	0.00470503	-0.000290261	0.000428104	-0.000659218
7195.014	7039.11	9526.67	1.02235353	50.37469101	1.00295162	0.15175157999999997	-0.057512189000000005	0.0115174167	-0.0779376828	0.014060569299999999	-0.0109926942	-0.0105683505	0.0538077625	-0.0111580783	0.040266540499999996	0.0732917812	-0.0082915852	-0.0768377053	0.011272555600000001	-0.0626984332	-0.0325227688	0.051675577699999996	0.0500370349	-0.0347166586	0.0	0.0360657	0.0154132	-0.0342535	0.000215065	0.000428104	-0.0008567969999999999
7185.526	7046.666	9512.712	0.9892664	48.74437714	0.97482401	0.07482095000000001	0.0228903727	0.0795127124	0.007987567099999999	0.0472134968	-0.0760805214	-0.0833920892	-0.013592183600000002	-0.07656696	-0.0256657379	0.014364055300000001	0.032186364599999996	-0.058731597	0.010816638600000001	-0.0630012291	-0.031305864700000005	0.0528199524	0.0484839415	-0.0370520308	0.0	0.0360736	-0.0162707	-0.0158705	0.000657566	0.000428104	-0.000909219
7178.186	7038.518	9533.396	1.04431546	51.45682526	1.01615024	0.21891395	0.07281763549999999	0.0171347468	0.0726804927	0.0338241237	0.050727445499999996	-0.0644466653	-0.0914898227	0.019831464899999998	-0.06932434650000001	-0.0307154946	0.0059562162	-0.0606407763	0.010360199	-0.0632918512	-0.0300753501	0.053923503399999996	0.046872299400000005	-0.0393229751	0.0	0.0361115	0.102652	0.0224223	-0.000325644	0.000428104	-0.000659218
7170.3438	7026.451	9539.384	1.04826272	51.6513176	1.016716	0.13680045	0.0179235506	-0.0552710187	0.0170515125	0.0043197412	-0.0378643536	-0.0033576853	0.0081584091	0.0325582454	0.0314134089	-0.0347120912	0.0804705058	-0.0602458337	0.0099032589	-0.0635702434	-0.028831759900000004	0.054985377800000006	0.045204054900000006	-0.0415255426	0.0	0.0361115	0.0199582	-0.0200447	-9.2852e-05	0.000428104	-0.000659219
7176.6685	7035.521	9548.257	0.9689281	47.74224472	0.9624716	0.0700026	0.0485252005	-0.022842937	-0.0663553799	-0.0262923946	-0.0470896013	0.0556455132	-0.0305514937	-0.0207011342	0.07627587870000001	0.0320349487	0.10172670810000001	-0.0205694108	0.0094458404	-0.0638363518	-0.0275756348	0.0560047547	0.043481222400000005	-0.0436559033	0.0	0.0361238	-0.018883	-0.0175301	0.000358414	0.000549528	-0.000659219
7173.854	7039.23	9556.287	0.99678177	49.11468506	0.9843111	0.14788017999999997	0.0338353613	0.0203778541	-0.0125546878	-0.0677648978	0.0175334066	-0.0155935275	-0.038018354500000004	-0.01035627	-0.027063860800000002	0.0399486384	0.0237349612	0.024326439900000003	0.0089879656	-0.0640901252	-0.0263075209	0.0569808464	0.0417058825	-0.0457103529	0.0	0.0361158	0.0748355	0.00159798	-0.000293412	0.000500843	-0.000659218
7195.6084	7056.0054	9563.466	1.01114798	49.82255554	0.9969461	0.13718405000000003	-0.0647902717	0.048840649699999995	0.029302686	-0.057332018600000006	0.0136235051	0.09628625689999999	0.07651546740000001	-0.041866229	-0.056235202000000005	0.0155144373	0.0319982299	0.0149652806	0.008529656600000001	-0.0643315143	-0.025027969599999998	0.0579128985	0.039880179	-0.0476853191	0.0	0.0361115	-0.00315302	-0.0282868	0.000219978	0.000428104	-0.000659218
7172.465	7049.8633	9540.184000000001	0.98584545	48.57581711	0.97904307	0.04697968999999999	-0.0415727684	0.00020302	0.0485029563	0.0527852059	0.0005498288	0.0628641446	0.017870292	-0.0385638994	-0.0059425541000000005	-0.0842713622	-0.026537845	0.024346995899999998	0.0080709356	-0.0645604726	-0.0237375371	0.058800190599999996	0.0380063166	-0.0495773675	0.0	0.036059	0.00221872	-0.0117781	0.000470912	0.000428104	-0.000909219
7196.919	7056.5874	9543.925	1.03992498	51.24048996	1.01625931	0.18260016	-0.0541195951	-0.0763337887	0.018810389	-0.005483360400000001	-0.0003410834	-0.09859221380000001	0.029779498199999997	0.0757476351	0.0144686059	-0.027087673399999998	-0.051727662199999996	0.019443519	0.0076118246	-0.0647769559	-0.0224367844	0.0596420368	0.0360865582	-0.051383208300000004	0.0	0.0283692	0.0992266	-0.00325927	-0.000517	0.000428104	-0.000509458
7202.3643	7061.2236	9535.362	1.02194023	50.35432434	1.0019573	0.18680911	-0.0581168466	-0.0077618381000000005	-0.0825960625	0.0277413252	-0.0375156632	-0.006579815500000001	0.06741285799999999	-0.0266473762	0.0681759455	0.0180837793	-0.042776620999999994	-0.0326439251	0.0071523459999999995	-0.06498092230000001	-0.0211262772	0.0604377867	0.0341232221	-0.053099701299999996	0.0	0.0360645	-0.00206028	-0.0330067	0.000113542	0.000428104	-0.0008405059999999998
7198.968000000001	7045.6123	9519.979	0.98698568	48.63199997	0.97325778	0.04982528	0.004952900200000001	0.06637665150000001	-0.0403887572	0.0514647014	-0.0417217846	-0.0690884023	-0.0217725828	-0.0791666568	0.006542330799999999	0.0235094816	-0.053189516900000004	-0.013577370900000002	0.0066925218	-0.0651723324	-0.019806585	0.061186825099999995	0.0321186792	-0.054723861799999995	0.0	0.0360515	0.0221986	-0.0149853	0.000195469	0.000428104	-0.000909219
7151.57	7056.2646	9526.02	1.00527275	49.53306198	0.99039	0.14064189000000002	-0.0096643919	0.0348644545	0.0526135735	0.025052705800000002	0.0706849381	-0.0677844396	-0.0024888776000000002	0.0312401274	-0.0809350654	-0.0091701981	-0.0363686196	-0.0698540251	0.0062323743	-0.0653511492	-0.0184782818	0.0618885731	0.0300753501	-0.0562528657	0.0	0.0331545	0.100229	0.00051744	-0.000341178	0.000525692	-0.000659219
7165.231	7048.5054	9531.532	1.02175498	50.34519577	1.00221503	0.155938344	-0.011095448	-0.0256180791	0.0302888927	0.0690673956	-0.0332210345	0.0016316952	0.0262429183	-0.0323701948	0.0195165931	-0.0706903393	0.018152295500000002	-0.0836724773	0.005771925799999999	-0.0655173382	-0.017141945	0.0625424883	0.0279957023	-0.0576840542	0.0	0.0360821	-0.000894234	-0.0162478	8.14774e-05	0.000428104	-0.0008414209999999999
7205.653	7060.196999999999	9545.847	1.03587854	51.04111099	1.00952518	0.159877504	0.0586409771	-0.033993218900000004	-0.0543035175	0.0581230298	0.0385437256	0.0490997392	-0.0826675905	-0.0097546595	0.0749247543	-0.0116953803	-0.050640584100000004	0.0190490117	0.0053111984	-0.0656708672	-0.0157981555	0.0631480654	0.025882247200000003	-0.0590149387	0.0	0.0361013	0.0524092	0.034957	-0.000687381	0.000584045	-0.000659219
7191.7519999999995	7042.483	9549.487	1.05710602	52.08705902	1.03042054	0.07112911999999999	0.0152917271	-0.0220888298	-0.0518980888	-0.0593166413	0.0731245273	-0.030954300299999998	-0.0102391866	0.06695529360000001	0.0221595179	0.0724501633	0.016328786799999998	-0.0156636805	0.0048502144	-0.0658117066	-0.0144474976	0.0637048363	0.0237375371	-0.060243205	0.0	0.0361115	0.07938549999999998	0.00626363	-0.000534337	0.000428104	-0.000659219
7186.17	7025.6269999999995	9538.651	1.00876188	49.70498276	0.99154663	0.09883687	-0.0087517017	0.07478674589999999	-0.0201538695	-0.0195385844	-0.043462683499999995	0.0138736155	0.015192016000000001	-0.0791933412	-0.019489846499999998	0.0430627815	0.015302723600000002	0.028975197999999997	0.0043889962	-0.0659398291	-0.0130905585	0.06421237070000001	0.0215641617	-0.0613667174	0.0	0.036072	0.00805685	0.00299011	-0.000222159	0.000428104	-0.000830945
7177.9756	7046.0366	9540.257	1.02005029	50.26119995	0.99725497	0.15909834	0.0364854378	0.029712631899999998	0.0615494535	0.0225828221	0.0393617948	0.0022920760999999997	-0.0612740966	-0.0040852685	-0.063149994	-0.0398364895	-0.0635965745	0.06241318	0.0039275659	-0.0660552101	-0.011727928200000001	0.0646702763	0.0193647456	-0.0623835221	0.0	0.0361034	0.0908876	0.0390528	-0.000669219	0.000612788	-0.000659219
7199.302	7030.885	9535.106	1.03337383	50.91769791	1.00739098	0.055697809999999986	-0.0490183097	-0.0744435441	0.0572027887	-0.0484913554	-0.0294144619	-0.053243255999999996	0.05021293190000001	0.073251352	-0.0347010221	-0.0342654471	0.022439208500000002	0.0262561792	0.0034659459	-0.0661578271	-0.010360199	0.0650781993	0.017141945	-0.0632918512	0.0	0.0301544	0.07909729999999998	0.00632269	-0.000650473	0.000526967	-0.000659218
7187.8677	7027.764	9522.761999999999	0.99595439	49.07391739	0.98073149	0.10188423	-0.0367556594	-0.0494690116	-0.0374911212	0.0314521838	-0.0417687196	0.0174053201	0.0449917455	-0.0161186505	0.0727689996	-0.0252062929	-0.0022627309	0.026975964900000003	0.0030041584000000004	-0.0662476605	-0.0089879656	0.06543582419999999	0.0148984438	-0.0640901252	0.0	0.0334894	0.0201388	-0.00496194	-0.000183215	0.000428104	-0.000659219
7184.855	7021.7563	9514.55	0.9912101	48.84015274	0.98033178	0.12623463999999998	0.027398578599999997	0.002051149	-0.0760683409	0.0286033375	0.032584652400000004	-0.0273148423	-0.051060029800000004	0.0044189795	0.0423158943	0.0641156774	-0.0645584215	0.0301891291	0.0025422258	-0.0663246928	-0.0076118246	0.0657428748	0.012636951499999998	-0.0647769559	0.0	0.0327831	0.08022319999999998	0.0234452	-0.000692182	0.000555695	-0.000555041
7186.5913	7033.99	9522.834	1.0034821	49.44483185	0.98734844	0.05073401	-0.0053656914	0.0526115787	-0.0122324749	-0.0323336658	0.0115077395	-0.0193674312	0.0223937344	0.014744234299999999	-0.0441463596	0.0908979188	0.018109052	-0.0622806969	0.0020801704000000002	-0.0663889091	-0.0062323743	0.0659991137	0.010360199	-0.0653511492	0.0	0.0361036	0.0711213	-0.00196796	-0.000821758	0.00053148	-0.000659219
7206.0835	7025.906999999999	9528.825	1.00836289	49.68532562	0.98948824	0.13324502	0.0511842617	0.048677297	0.0513890004	0.047494067800000005	-0.0429765414	0.0394250479	-0.0352209304	-0.0769863004	-0.052101427400000004	-0.0404238254	0.0534526891	-0.0207128451	0.0016180145999999999	-0.0664402971	-0.0048502144	0.0662043429	0.0080709356	-0.0658117066	0.0	0.0412367	0.00903759	0.015103	-0.000340347	0.0007792139999999998	-0.000909219
7256.1226	7052.554	9561.041	1.09094524	53.75442886	1.05348611	0.21926801	0.1243164501	-0.0508233432	0.0145972259	0.021831729700000004	0.0353137232	0.0819300574	-0.11960178810000001	0.05017376690000001	-0.00025971830000000003	-0.0345644854	0.0009619578	0.055927418300000004	0.0011557805	-0.0664788467	-0.0034659459	0.0663584038	0.005771925799999999	-0.0661578271	0.0	0.0280219	0.105943	0.06418	-0.00091726	0.00056754	-0.00049639
7182.3643	7038.4067	9560.697	1.04663205	51.57097244	1.0233885	0.1013136	0.049971452199999995	0.000926851	-0.0410900623	-0.103419369	-0.0010200851	0.0366565513	-0.0281078798	0.048772082300000005	0.0153544382	0.06354287019999999	0.0544492231	0.035842635299999995	0.0006934905999999999	-0.06650455059999999	-0.0020801704000000002	0.0664611772	0.0034659459	-0.0663889091	0.0	0.0359881	0.0654736	0.0240266	-0.000851649	0.000541488	-0.000659219
7177.7095	7047.5034	9561.958	0.98461151	48.51501846	0.97334796	0.07343205	0.042641222199999995	0.043763241200000004	0.0247928897	-0.08210634929999999	-0.0434399579	-0.0032492585	-0.0191966885	-0.041690408	-0.0300635219	0.017758553700000002	0.0413222431	0.10665279710000002	0.0002311673	-0.0665174038	-0.0006934905999999999	0.0665125838	0.0011557805	-0.06650455059999999	0.0	0.0359619	0.0277734	0.0167227	-0.000409263	0.000667137	-0.000659219
7183.359	7060.0830000000005	9569.76	1.01443291	49.98441315	0.99618715	0.16611245	0.030818340299999997	-0.010368434000000001	0.0955610299	-0.0452302511	0.030046224399999998	0.0343302032	-0.0406010237	0.0300242765	-0.0627029523	-0.0370867596	-0.0490192195	0.1322503046	-0.0002311673	-0.0665174038	0.0006934905999999999	0.0665125838	-0.0011557805	-0.06650455059999999	0.0	0.0285389	0.104513	0.0538321	-0.00107027	0.000600477	-0.000490077
7224.2373	7057.0503	9564.685	1.03566313	51.03049469	1.01295853	0.06927240000000003	-0.0597453692	-0.06469288320000001	0.0353695282	-0.0648081059	-0.062404066900000006	-0.029457085600000002	0.0621972362	0.0667039024	-0.008936334	-0.0455550232	0.0154076224	0.0927895851	-0.0006934905999999999	-0.06650455059999999	0.0020801704000000002	0.0664611772	-0.0034659459	-0.0663889091	0.0	0.0298876	0.0710866	0.0222866	-0.00108041	0.000604544	-0.000534906
7183.05	7066.097	9544.28	0.99068969	48.81451035	0.98139954	0.09834835	-0.0368682025	-0.033325648900000004	-0.0485198629	0.0099944249	-0.0337108406	0.028107057400000003	0.0332159379	0.0003132074	0.0747209575	-0.0300536527	-0.0778079978	0.1076259185	-0.0011557805	-0.0664788467	0.0034659459	0.0663584038	-0.005771925799999999	-0.0661578271	0.0	0.0328169	0.0235268	0.0168693	-0.000409263	0.000657923	-0.000659219
7182.635	7059.853	9532.084	1.00987327	49.75974655	0.99936301	0.1733766	-0.0052068426	0.0201375226	-0.0409656996	-0.0013059182000000002	0.081971457	-0.045038289800000006	-0.036113698300000004	0.009491302	0.0068693647	0.0287957254	-0.1544360935	0.0816453396	-0.0016180145999999999	-0.0664402971	0.0048502144	0.0662043429	-0.0080709356	-0.0658117066	0.0	0.0282633	0.11618800000000003	0.0574244	-0.000961363	0.000675379	-0.000516641
7241.142	7063.394	9535.726	1.02968955	50.73616028	1.0088594	0.08125265000000001	-0.0661016462	0.055405095300000005	0.0002996584	0.0056230293	0.098418702	0.039423654100000004	0.05850401	0.0234061688	-0.0648734102	0.028670603700000002	-0.059487277699999994	-0.0020743317000000002	-0.0020801704000000002	-0.0663889091	0.0062323743	0.0659991137	-0.010360199	-0.0653511492	0.0	0.0325938	0.0922736	0.019511	-0.000806215	0.000619116	-0.000607117
7178.4673	7063.1313	9525.49	1.01634395	50.07857513	0.99659371	0.12197227000000002	-0.0197471053	0.0071522934	0.049351978899999996	0.089700482	0.0220772404	0.0474328522	0.0218291466	-0.026164106099999997	-0.0198652923	-0.0751444555	-0.039563803700000004	-0.030867609700000003	-0.0025422258	-0.0663246928	0.0076118246	0.0657428748	-0.012636951499999998	-0.0647769559	0.0	0.0359893	0.0306102	-0.00447662	-0.000409263	0.000828577	-0.000659219
7200.4194	7051.258000000001	9526.205	1.02783167	50.64461517	1.00278854	0.14194122	0.0576005966	-0.047116143	-0.019330013400000002	0.0612020372	0.050678793300000004	0.0234621058	-0.0687653514	0.0310229096	0.0556421386	-0.0483794379	-0.06749415889999999	-0.0097098497	-0.0030041584000000004	-0.0662476605	0.0089879656	0.06543582419999999	-0.0148984438	-0.0640901252	0.0	0.0317136	0.100088	0.0342888	-0.000747383	0.000692017	-0.000545453
7203.210999999999	7035.255	9539.604	1.0312922	50.81512833	1.00899971	0.06881512999999999	-0.0150343504	-0.0290541258	-0.063043717	-0.0543732232	0.053475438099999995	0.0019951041	0.0102027969	0.0579063756	0.0261335821	0.0755008759	0.0022437853	-0.01211615	-0.0034659459	-0.0661578271	0.010360199	0.0650781993	-0.017141945	-0.0632918512	0.0	0.0304567	0.0832789	0.00667842	-0.0010492600000000002	0.000584959	-0.000599293
7202.486999999999	7034.9844	9539.14	1.00110042	49.32748032	0.98553425	0.10575384199999999	-0.007249546	0.0792645714	-0.0118944094	-0.0059980558	-0.0324485373	-0.021176074	0.007056553199999999	-0.0551457462	-0.0383894927	0.0499710032	-0.0068403227	0.0127664947	-0.0039275659	-0.0660552101	0.011727928200000001	0.0646702763	-0.0193647456	-0.0623835221	0.0	0.0359849	0.0258818	-0.000226872	-0.000493758	0.000687996	-0.000659219
7195.2915	7030.781999999999	9541.705	1.01648378	50.08546829	0.99535352	0.101536322	0.04958696730000001	0.016195206	0.0778512958	0.024955855	0.050407261200000004	0.0159236476	-0.0624792075	0.0077047533	-0.0656381495	-0.0360186439	-0.0251880345	0.0140202153	-0.0043889962	-0.0659398291	0.0130905585	0.06421237070000001	-0.0215641617	-0.0613667174	0.0	0.0337095	0.0801177	0.0281554	-0.000732153	0.00064462	-0.000608135
7203.1533	7022.7847	9544.322	1.03491914	50.99383926	1.00888371	0.055974900000000015	-0.0289380133	-0.0839589891	0.0104469309	-0.060741646100000005	-0.0271373325	-0.0331885969	0.0179518599	0.1153508641	0.012588403799999998	-0.0011490800999999998	0.0477208904	0.0260338006	-0.0048502144	-0.0658117066	0.0144474976	0.0637048363	-0.0237375371	-0.060243205	0.0	0.0281099	0.0697888	0.006137	-0.00103882	0.000619723	-0.000579139
7171.718000000001	7021.218000000001	9540.252	1.005422	49.54042053	0.99038434	0.14327174999999998	0.0070160785	-0.0038747289000000003	-0.042660772300000004	-0.0150756554	-0.0475799042	0.0177055313	0.0126204141	-0.029984102400000004	0.042496943899999993	0.036186122	0.0225062061	0.050487127400000005	-0.0053111984	-0.0656708672	0.0157981555	0.0631480654	-0.025882247200000003	-0.0590149387	0.0	0.0338484	0.00553715	-0.0153926	-0.000285963	0.000701845	-0.0007791999999999999
7198.561	7034.0015	9539.221	1.02016866	50.26703644	0.99707872	0.1038734	0.052161460199999996	0.0717569527	0.0266577198	-0.0025725433999999998	-0.011594765	-0.057017625999999995	-0.0702461764	-0.0458834174	-0.0573007771	0.0183260175	-0.0188028305	0.0540337105	-0.005771925799999999	-0.0655173382	0.017141945	0.0625424883	-0.0279957023	-0.0576840542	0.0	0.0330975	0.0602154	0.0173374	-0.000460136	0.0007219769999999998	-0.00065922
7176.159000000001	7025.8296	9540.412	1.04577947	51.52896118	1.01580226	0.07897989999999999	-0.0096090466	-0.0292757412	0.083242287	-0.0555685499	0.0354960759	-0.0349738753	0.0007950513000000001	0.088332895	-0.0889973036	-0.028205700499999996	0.022932430299999997	0.02796387	-0.0062323743	-0.0653511492	0.0184782818	0.0618885731	-0.0300753501	-0.0562528657	0.0	0.0306875	0.104583	0.015754	-0.000864222	0.000639838	-0.000533067
7180.0854	7031.334	9536.993	1.03036702	50.76954269	1.00741625	0.12642914	0.0040835632	-0.046624352800000005	-0.0144509119	0.004910365900000001	-0.040637518500000004	0.0355388201	0.0036505296000000002	0.0013360482000000001	0.0412293855	-0.0434744119	0.0194094661	0.0397345758	-0.0066925218	-0.0651723324	0.019806585	0.061186825099999995	-0.0321186792	-0.054723861799999995	0.0	0.0335562	0.0221092	-0.00105719	-0.000590335	0.000725307	-0.00065922
7217.14	7030.861	9541.695	1.00412738	49.47662735	0.98960775	0.06898009000000001	0.08677150939999999	0.024823952799999997	-0.0617808952	-0.0088516967	-0.0003322426	0.0196595323	-0.0825661018	-0.0245588833	0.0326909727	0.0504368354	0.008157875	0.04635013019999999	-0.0071523459999999995	-0.06498092230000001	0.0211262772	0.0604377867	-0.0341232221	-0.053099701299999996	0.0	0.036011	0.0428757	0.0331869	-0.000697413	0.000657081	-0.00060423
7181.5884	7035.7617	9551.664	1.03683674	51.0883255	1.01747608	0.1223205	0.0458643704	0.015242863999999998	0.0340208463	-0.0690806881	0.0593180795	-0.042416027099999996	-0.0477943429	0.0610975151	-0.0703070391	0.052427716299999996	0.0112515676	0.0075849915	-0.0076118246	-0.0647769559	0.0224367844	0.0596420368	-0.0360865582	-0.051383208300000004	0.0	0.0303727	0.133115	0.0349472	-0.00112913	0.000650136	-0.00065922
7172.0015	7042.3027	9558.396	1.03084087	50.79288864	1.00902891	0.17665995	0.0247141175	-0.027322267	0.047402117800000004	0.0034209127	-0.0248435713	0.07222519990000001	0.0106393247	0.0057580302	-0.013445178	-0.045777715700000006	0.0492783788	0.0020420961	-0.0080709356	-0.0645604726	0.0237375371	0.058800190599999996	-0.0380063166	-0.0495773675	0.0	0.0333466	0.0341485	-0.00398105	-0.000494687	0.000731519	-0.00065922
7178.382	7047.7236	9567.254	0.99089783	48.82476425	0.97668397	0.03441785	0.054705259000000006	-0.0453312087	-0.049173480199999994	-0.0244316956	-0.0051526999	0.0802005145	-0.0279691364	0.0141383731	0.0747512831	-0.0172612864	0.0244329657	0.0756736758	-0.008529656600000001	-0.0643315143	0.025027969599999998	0.0579128985	-0.039880179	-0.0476853191	0.0	0.0336524	0.0239357	0.0062778	-0.000326304	0.000627094	-0.00065922
7200.118	7044.7246	9569.972	1.02765954	50.63613129	1.01049697	0.17232275	0.0173860159	-0.0002970039	-0.018172705900000002	-0.09438694369999999	0.08521128830000001	-0.0048939369	-0.0219980952	0.0843739784	-0.021299015	0.0771222723	-0.0433850345	0.0797928779	-0.0089879656	-0.0640901252	0.0263075209	0.0569808464	-0.0417058825	-0.0457103529	0.0	0.0313113	0.134048	0.0311745	-0.000957857	0.000694994	-0.00065922
7233.861	7054.982	9570.407	1.05410635	51.93925476	1.02574003	0.19461190000000003	-0.09034704699999999	0.057871083	0.0072959083999999995	-0.0407117817	0.0421318829	0.09382445	0.1070690698	-0.0144519015	-0.0444638923	0.0461063878	-0.0180102495	0.0406809061	-0.0094458404	-0.0638363518	0.0275756348	0.0560047547	-0.043481222400000005	-0.0436559033	0.0	0.0329857	0.0252286	-0.0224258	-0.000409263	0.000756756	-0.00065922
7181.3374	7051.5205	9544.824	0.98625326	48.59591293	0.9765352	0.02477655	-0.0619391808	0.0040142583	0.049178982999999996	0.0560750041	0.0235553481	0.0515860963	0.0622442613	-0.0361622734	-0.0241279881	-0.0719376116	-0.0361207713	0.0063678729	-0.0099032589	-0.0635702434	0.028831759900000004	0.054985377800000006	-0.045204054900000006	-0.0415255426	0.0	0.0337775	0.0182567	-0.00690195	-0.000409263	0.000786536	-0.00065922
7192.626	7045.6543	9536.431	1.05086815	51.77969742	1.02607179	0.1904414	-0.0271705635	-0.0716687828	0.012351023999999999	0.0649977345	0.014465886	-0.080731455	-0.0105697422	0.0730196502	0.0006732827	-0.06562646379999999	-0.1012708189	-0.014037429099999998	-0.010360199	-0.0632918512	0.0300753501	0.053923503399999996	-0.046872299400000005	-0.0393229751	0.0	0.0261181	0.118523	0.0325259	-0.000983903	0.000685479	-0.00047316
7205.391	7041.395	9534.04	1.04407048	51.44475174	1.01605582	0.13529281	-0.0626890073	-0.0228546206	-0.0667024495	0.0213211694	-0.016937210600000002	-0.0496479768	0.0680244139	0.0362943206	0.0246514584	0.0447165694	-0.023643073799999997	-0.059568098300000004	-0.010816638600000001	-0.0630012291	0.031305864700000005	0.0528199524	-0.0484839415	-0.0370520308	0.0	0.0332896	0.0461527	-0.00391046	-0.000822101	0.00072391	-0.00065922
7186.9897	7034.5327	9521.0625	1.00421488	49.48093796	0.98556948	0.09205899	0.04847758059999999	0.058599465700000006	-0.022273185299999998	0.0305234427	-0.0801794352	-0.09478628230000001	-0.0352208078	-0.0783346764	0.0007304042	0.028931700600000002	0.0311822314	-0.0361369141	-0.011272555600000001	-0.0626984332	0.0325227688	0.051675577699999996	-0.0500370349	-0.0347166586	0.0	0.0359539	-0.00128929	0.00387809	-0.000409263	0.000744355	-0.00090922
7194.5464	7028.6226	9546.398000000001	1.05076206	51.77446747	1.02272642	0.18118145	0.11926213039999999	0.0299757221	0.058567369400000006	0.0110353401	0.0014785706	-0.0147856417	-0.1283726726	-0.0043512182	-0.07402545370000001	-0.0062270482999999995	0.0321516086	-0.007347990899999999	-0.011727928200000001	-0.0623835221	0.0337255333	0.050491263700000004	-0.051529704100000004	-0.0323209192	0.0	0.0314059	0.103829	0.0332318	-0.000936915	0.000678778	-0.00065922
7173.6865	7026.1724	9569.207	1.06451464	52.45210648	1.03408945	0.09077623000000001	0.042603550999999996	-0.0777879967	0.041858303199999995	-0.040012924500000005	-0.008671869399999999	0.0083432447	-0.0130776192	0.071152794	0.014794762900000001	-0.007468925899999999	0.1180107094	-0.013440191	-0.012182734099999998	-0.0620565566	0.034913635299999995	0.0492679257	-0.0529601467	-0.0298689786	0.0	0.0330727	0.0588359	-0.009479530000000003	-0.000928768	0.000658825	-0.00065922
7162.1377	7039.191999999999	9574.049	0.98636919	48.60162354	0.9770956	0.08342907	0.016342742	-0.0486417756	-0.0398562325	-0.050661688899999995	-0.036527564900000004	0.09345708960000002	-0.0041443596000000004	0.0040209439	0.05922698059999999	0.010522078600000002	0.0689981794	0.0612221037	-0.012636951499999998	-0.0617175998	0.0360865582	0.0480065093	-0.0543266351	-0.0273651002	0.0	0.0336076	0.013839400000000003	-0.0221415	-0.000469031	0.000703802	-0.00065922
7143.911	7039.91	9574.452	0.99765223	49.15757751	0.98807651	0.12283182000000002	0.0034791892	0.012799287099999999	-0.035991083300000004	-0.0570978697	0.023439127400000002	0.0472895764	-0.0214628024	0.022243935899999998	0.029147618900000002	0.0452919812	-0.0355830091	0.1161125709	-0.0130905585	-0.0613667174	0.0372437922	0.046707989400000004	-0.0556275193	-0.024813638	0.0	0.0311533	0.0839329	0.00809537	-0.000805116	0.000638945	-0.000659221
7219.2793	7044.2227	9571.322	1.03703332	51.09801102	1.01090717	0.04914822000000001	-0.0893389394	0.052564226299999996	-0.0122515267	-0.0682959333	0.056967114299999996	0.07948981599999999	0.0952970496	0.0189094395	-0.0579191842	0.0777086344	-0.0145357267	0.0503585279	-0.013543533100000001	-0.061003977	0.038384834	0.0453733696	-0.0568612282	-0.0222190286	0.0	0.0330682	0.0663381	-0.0112862	-0.000982436	0.000611126	-0.000659221
7185.6914	7047.3037	9544.873	1.00433469	49.48684311	0.99222219	0.10736499999999996	-0.0828781093	0.0530739654	0.030784648799999998	0.046950178099999997	0.027252821099999998	0.0807692376	0.0761202729	-0.0538982366	-0.04385884809999999	-0.0451595786	-0.0382153242	0.0313787978	-0.013995853400000001	-0.0606294487	0.039509187599999995	0.0440036813	-0.0580262722	-0.0195857836	0.0	0.033689	0.00804354	-0.00540126	-0.000315467	0.0007954509999999998	-0.000659221
7154.5444	7059.0234	9531.821	1.03565311	51.03000259	1.01196647	0.16547292	-0.006618531600000001	-0.026271417400000004	0.0413672704	0.0977848484	0.0389933219	-0.0132938684	-0.0127151027	0.013990294399999999	-0.026394410899999998	-0.0699563626	-0.10753110710000001	-0.007737805899999999	-0.0144474976	-0.060243205	0.0406163642	0.0425999833	-0.0591212443	-0.0169184818	0.0	0.0287586	0.083288	0.0278561	-0.00114841	0.0007338699999999999	-0.000512931
7170.2563	7048.9243	9526.811	1.05539584	52.00279236	1.02572072	0.06841133	-0.0540072	-0.0825243125	-0.0150661215	0.013261993799999998	-0.0220963164	-0.11233743800000001	0.043335788099999994	0.069119122	0.0331522893	-0.023825505	-0.01114464	-0.0424286656	-0.0148984438	-0.0598453205	0.0417058825	0.0411633604	-0.060144822199999996	-0.0142217614	0.0	0.0290077	0.0633457	-0.00975873	-0.00114427	0.000672198	-0.000659221
7162.729	7040.269	9518.246	1.01497412	50.0110817	0.9967646	0.08638559999999999	0.0022924739	0.004964365399999999	-0.0769210913	0.0423100564	-0.018825374	-0.036629009500000004	0.000286138	-0.031814076499999996	0.0498285024	0.0203955258	-0.0182895216	-0.021455466800000003	-0.0153486704	-0.059435872	0.0427772687	0.039694923	-0.0610957699	-0.0115003113	0.0	0.0359766	0.0175901	-0.00989963	-0.000635528	0.0008338599999999999	-0.000659221
7200.1846	7053.9766	9529.665	1.03203368	50.85166168	1.01018107	0.15552128	0.061654793099999994	0.049913348899999994	0.001888781	0.0141220168	-0.010431058	-0.0957597558	-0.0851020249	-0.0265004224	-0.0374601189	0.0316276957	-0.0572024609	-0.0013182535	-0.0157981555	-0.0590149387	0.043830057	0.038195806	-0.0619729391	-0.008758864	0.0	0.0331412	0.0963678	0.0311559	-0.00111718	0.0007331269999999998	-0.000584553
7174.293000000001	7041.5234	9535.223	1.028404	50.67281342	1.00814652	0.06555885	-0.0199113557	0.0070970040000000005	0.0580287467	-0.030013791499999998	0.0602758757	-0.0160214547	0.0180676492	0.0424264566	-0.06395218700000001	-0.0300111698	0.0264422085	-0.009556316	-0.016246877399999998	-0.0585826019	0.044863789800000005	0.0366671679	-0.0627752703	-0.0060021863	0.0	0.0335848	0.0715455	-0.0020284	-0.00110258	0.000786032	-0.000659221
7171.5923	7036.2456	9524.974	0.99495506	49.02467728	0.98331618	0.06582941999999999	-0.0233753456	-0.0529901694	0.0137459395	0.021656636099999998	-0.0526850289	0.0297908598	0.0230118515	0.0078860544	0.02604174	-0.0652248318	0.0190428	0.0131998652	-0.0166948144	-0.05813894519999999	0.0458780176	0.0351101904	-0.0635017949	-0.0032350716999999998	0.0	0.0333024	0.0302085	-0.00983382	-0.0008605639999999998	0.000872108	-0.000659221
7165.733	7044.0034	9526.336	0.99394387	48.97485352	0.98320818	0.11297282	0.0225098598	-0.0236433487	-0.042403803	0.010292374200000001	0.0556842117	0.0102737009	-0.0486062617	0.0362968265	0.0453083801	-0.011300173	-0.0587738025	0.0465004884	-0.017141945	-0.0576840542	0.046872299400000005	0.0335260768	-0.06415163530000001	-0.0004623318	0.0	0.0291942	0.0899695	0.0244912	-0.00114111	0.000857082	-0.000659221
7190.7905	7048.488	9529.971	1.01628935	50.07588577	1.0001744	0.05563574999999999	-0.053744495700000006	0.036958318500000004	-0.0308732398	-0.0656569301	0.0539757412	-0.014408291399999999	0.0564775071	0.0328505523	-0.007426153100000001	0.08443972400000001	-0.0180080908	0.0168548721	-0.0175882474	-0.0572180169	0.0478462031	0.0319160513	-0.064724007	0.0023112121	0.0	0.0330546	0.081736	-0.0096649	-0.00132183	0.000850087	-0.000659221
7195.1167	7037.9253	9520.372	1.00297666	49.4199295	0.98859823	0.10604275	-0.059654876100000004	0.0833245713	0.0032805975	0.0241640987	-0.0013301476	0.0410749582	0.0551363264	-0.05852172519999999	-0.044517903	0.0128048175	-0.0051217012	-0.0055336726	-0.0180337002	-0.0567409233	0.048799305099999996	0.0302813584	-0.0652182186	0.005080737100000001	0.0	0.0332967	0.0324555	-0.0295283	-0.000685689	0.000753093	-0.000659221
7168.1504	7042.028	9510.169	0.99916852	49.23228836	0.98669291	0.10593025	-0.0077757072	0.0356629978	0.043174626699999996	0.063855417	0.036653561200000004	0.0237839327	-0.0210604918	-0.024091633199999997	-0.050970428600000006	-0.0494608384	-0.0488805134	0.0082771171	-0.0184782818	-0.0562528657	0.049731191200000004	0.0286232615	-0.06563367349999999	0.0078414274	0.0	0.0359944	0.0666762	0.019192	-0.00106302	0.000781593	-0.000659221
7159.592	7038.521	9512.081	1.03398108	50.94761658	1.02186906	0.026518699999999992	-0.024199277400000004	-0.0432105583	0.0503622904	0.028745896899999998	0.0186138688	-0.041638588	0.0199847478	0.05440156559999999	-0.0387995432	-0.0615342461	-0.0158691977	-0.0665692067	-0.0189219708	-0.0557539383	0.0506414561	0.026943042099999998	-0.06596986980000001	0.0105884827	0.0	0.0359918	0.081782	0.011177500000000002	-0.00100344	0.0007899289999999998	-0.000659221
7184.683000000001	7037.1035	9507.142	1.0601958	52.23930359	1.03496873	0.14264591	0.017112345600000002	-0.0425698486	-0.0107582726	0.0546007293	-0.0185797724	0.0072731383	-0.016054615300000002	-0.007447760699999999	0.0603216762	-0.0542855985	0.0254957967	-0.026170120800000002	-0.0193647456	-0.0552442375	0.051529704100000004	0.0252419988	-0.0662264016	0.013317126200000001	0.0	0.0359411	-0.00407096	-0.0139035	-0.000577027	0.00077671	-0.000852814
7220.061	7041.57	9521.577	1.01824796	50.1723938	0.99824548	0.14259471	0.1059313731	-0.0061948996	-0.0748130752	0.0260017933	0.010576803899999999	0.048989444800000004	-0.1048512763	-0.0010653847	0.0637395893	0.0286314952	0.0146059459	0.0001585551	-0.019806585	-0.054723861799999995	0.0523955491	0.0235214464	-0.0664029592	0.0160226132	0.0	0.0332747	0.0610995	0.0298495	-0.00089716	0.000670339	-0.000659221
7206.2656	7027.9890000000005	9541.913	1.04476058	51.47875595	1.01788592	0.06920599999999999	0.0563672888	0.0161394383	-0.0345521741	-0.0823059944	-0.012183618500000002	-0.020382453999999998	-0.018598121699999998	0.0093634184	0.0015008489999999998	0.10007391980000001	0.10281434789999999	-0.0610232525	-0.0202474676	-0.0541929118	0.0532386146	0.0217827146	-0.0664993292	0.0187002392	0.0	0.0330417	0.0433374	-0.0131026	-0.00079443	0.000732785	-0.000659221
7187.9507	7033.7944	9550.317	1.02191818	50.35324097	0.99887449	0.10427638500000001	0.027682123700000002	0.06379659	0.0331429101	-0.0360937409	-0.09649760859999999	0.0032168322	-0.0165775876	-0.07523061639999999	-0.049504388600000004	0.0185766973	0.0820778094	0.024727904	-0.0206873721	-0.0536514901	0.0540585341	0.0200271473	-0.0665153954	0.0213453483	0.0	0.0359509	-0.00528299	-0.0104309	2.11559e-05	0.000810126	-0.0007677959999999998
7159.233	7034.9478	9549.405999999999	0.9975366	49.15187836	0.98356593	0.100276705	0.0424280231	-0.0094752155	0.0681035129	-0.0244715	-0.007432202	0.0637453016	-0.02835836	-0.016065268799999997	-0.021858052700000002	-0.0529104457	0.0425463665	0.0444352627	-0.0211262772	-0.053099701299999996	0.054854951	0.0182561012	-0.0664511384	0.023953341	0.0	0.0359685	0.045946	0.00834437	-0.000469295	0.0008161969999999998	-0.000659221
7188.451999999999	7042.642	9555.516	1.03283095	50.89094543	1.00932741	0.10258246	-0.0327893115	-0.09863829199999999	0.058172935999999995	-0.08466935769999999	-0.026098225699999998	-0.028503979199999998	0.0347271731	0.1002808169	-0.0128282755	-0.0295460388	0.0627308087	0.055529120700000004	-0.0215641617	-0.052537652000000004	0.0556275193	0.0164709454	-0.0663066357	0.0265196824	0.0	0.0293748	0.0947626	-0.00602134	-0.0008081749999999998	0.000639373	-0.000518796
7179.331999999999	7049.7485	9545.681	1.00909519	49.72140884	0.99337673	0.13112541	-0.055121766399999994	-0.0443223888	-0.0535835521	-0.0300440618	-0.0361109776	0.0312462671	0.0674721379	0.0137557682	0.0870381403	-0.0101281812	0.008572183	0.0346878111	-0.0220010045	-0.0519654508	0.056375902900000004	0.0146730593	-0.0660820618	0.029039910099999997	0.0	0.0338734	0.017066	-0.0224181	-0.00038514	0.000726582	-0.000659221
7174.2524	7042.7812	9540.773000000001	0.98547083	48.55735779	0.97769839	0.0747122	0.0056170846	0.0086604111	-0.0705477969	0.009045097	0.005987533299999999	0.0204171946	-0.0031148745000000003	-0.0233340363	0.056269417800000006	0.018767241	-0.0336686086	0.0399754284	-0.0224367844	-0.051383208300000004	0.057099776500000005	0.0128638327	-0.0657776879	0.0315096416	0.0	0.0333968	0.0416147	0.013355	-0.000553243	0.000836755	-0.000659221
7230.7065	7073.993	9558.875	1.14711535	56.52210999	1.09586871	0.1814871	0.0850672312	0.0609334299	0.031106946099999998	0.0061751165	-0.0641121818	-0.11457537970000001	-0.068377202	-0.025630819	-0.0803641404	0.013713575	0.009405128	-0.0378150667	-0.0228714805	-0.050791037000000004	0.0577988254	0.011044663799999998	-0.0653938816	0.033924582599999996	0.0	0.0500973	-0.0227387	0.0380402	0.000509575	0.000976489	-0.000971629
7155.7485	7059.8013	9554.921	1.18912446	58.5920372	1.13407588	0.19953555	-0.0022938473	0.021973927999999997	0.0732242169	-0.0404538699	-0.0511507879	-0.0491237654	0.0232536403	-0.0419011748	-0.0192028088	-0.0417259948	0.1024488037	-0.029170985899999998	-0.0233050717	-0.050189051299999995	0.0584727457	0.0092169587	-0.0649311064	0.0362805338	0.0	0.0335738	-0.0354014	-0.0313785	0.00194136	0.000702069	-0.000659221
7167.576	7051.434	9544.19	1.07626843	53.03125381	1.04629147	0.12999091	0.03552772	-0.0433064032	-0.01629481	0.0434311573	-0.0463470083	0.012531873	-0.0408962221	-0.0300634048	0.0821214055	-0.050777438700000004	0.0040491536	0.009874656800000001	-0.0237375371	-0.0495773675	0.0591212443	0.0073821299	-0.0643899211	0.0385733985	0.0	0.0318652	0.00237441	-0.00153305	0.000799618	0.00063059	-0.000659221
7172.5317	7048.4395	9558.454	1.06084335	52.2712059	1.03653729	0.10985784	-0.009004666	0.0119024038	-0.0372025168	-0.0647621661	-0.0027563276	-0.0151688316	0.0192809129	0.0037489028999999996	0.0146989752	0.0712142512	0.0402483161	-0.0363417316	-0.0241688557	-0.0489561039	0.059744039400000004	0.0055415955000000005	-0.0637709792	0.040799189799999996	0.0	0.0332546	0.0466285	-0.016698	-0.000133175	0.000678785	-0.000659221
7159.9775	7034.963000000001	9553.178	1.000494	49.29759979	0.99355382	0.15960115000000002	-0.0079108059	0.053722106	0.0262607653	0.013654012	-0.0008241472	0.0381638525	0.027487741099999997	-0.0721832706	-0.0278344971	0.009544045400000001	0.0459593961	-0.050579545999999996	-0.024599006800000003	-0.0483253804	0.0603408602	0.0036967782	-0.0630750281	0.0429540374	0.0	0.0267228	-0.0439026	-0.0148204	0.0008750929999999999	0.00047384	-0.000659221
7170.548000000001	7042.276	9552.085	1.00451303	49.49562836	0.99219507	0.12331083	0.011170920800000001	-0.052049701100000005	0.0287049095	0.036344230400000004	-0.0114163346	0.005806731	-0.018559612	-0.0099685823	0.0214376604	-0.0679091885	0.007702449300000001	-0.0379290811	-0.025027969599999998	-0.0476853191	0.060911447199999996	0.0018491037	-0.062302908399999996	0.0450341943	0.0	0.0291763	0.0209184	-0.00946127	0.00034861	0.0007109	-0.000909222
7205.5830000000005	7039.568	9566.894	1.0280323	50.65450287	1.00740993	0.09886872999999997	-0.0416431413	-0.061984898200000006	-0.0505800515	-0.047602253600000005	-0.0012376192	-0.0180817773	0.0455314867	0.0595517676	0.046364244299999996	0.0493133604	0.0508012746	-0.0320488538	-0.0254557233	-0.0470360434	0.06145555230000001	0.0	-0.06145555230000001	0.0470360434	0.0	0.0296493	0.060543	-0.0215548	-0.000301395	0.000677354	-0.000659221
7188.3936	7036.7915	9549.37	1.00420809	49.48060226	0.98561311	0.1381442	-0.0351353521	0.0549804352	-0.0534814745	0.0171711125	-0.035002937799999995	-0.0128566774	0.0374417688	-0.0667549909	0.0353290595	0.0396013407	0.0089618304	-0.0371800704	-0.025882247200000003	-0.046377679000000005	0.0619729391	-0.0018491037	-0.0605339832	0.0489561039	0.0	0.0319117	-0.0293434	-0.0401253	0.000236275	0.000688182	-0.000659221
7172.1245	7041.3545	9540.392	0.98066634	48.32062531	0.96687496	0.03458435000000001	0.0023113445	0.0770233161	0.0189808421	0.029939337400000002	-0.0266023916	-0.0322327883	-0.0060316146	-0.0729919352	-0.0313769596	-0.006902459200000001	0.0083582568	-0.045321692000000004	-0.0263075209	-0.0457103529	0.0624633824	-0.0036967782	-0.059539314	0.050791037000000004	0.0	0.0324071	-0.0293513	-0.0260706	0.000562061	0.000762923	-0.000659221
7181.2896	7044.767	9548.46	1.04701555	51.58986664	1.0162853	0.209332	-0.024221762	-0.0139610026	0.0897933135	0.0020782805	0.0699557636	-0.0479452192	0.0044672283	0.0583897631	-0.07173270309999999	-0.0305295209	-0.0241626288	-0.0335236244	-0.026731523700000002	-0.0450341943	0.0629266692	-0.0055415955000000005	-0.0584727457	0.052537652000000004	0.0	0.0278802	0.0931073	0.00103755	-0.00040146	0.0007317069999999998	-0.000549191
7186.8022	7034.6484	9529.709	1.03633106	51.0634079	1.01095617	0.1739332295	-0.043668158	-0.0407162991	0.020212991200000002	0.057669966600000004	-0.0697340489	0.0140149253	0.059839345599999996	-0.004402168	0.037254677400000005	-0.069734981	0.0367060591	-0.0777390118	-0.027154235099999997	-0.044349333600000006	0.0633625979	-0.0073821299	-0.0573355663	0.0541929118	0.0	0.0296997	-0.0106566	-0.0316781	2.52059e-06	0.0007742429999999998	-0.0008153579999999998
7190.976	7046.9077	9528.725	0.98848009	48.70563507	0.97677094	0.044207654500000006	0.0490641212	-0.0080569848	-0.0905307233	0.07410265690000001	-0.0019841145	0.0181703971	-0.0456155912	-0.04267459269999999	0.09413605679999999	0.0124667344	-0.0090373354	-0.048443669	-0.0275756348	-0.0436559033	0.0637709792	-0.0092169587	-0.056129149100000005	0.0557539383	0.0	0.0313567	0.000573824	-0.007736309999999999	3.41004e-05	0.000796368	-0.000909222
7191.603	7032.276	9537.38	1.02873766	50.68925476	1.00767434	0.184945466	0.0812703767	0.0111811005	-0.017694896	-0.0363737587	0.0435225321	-0.055685817	-0.0748395243	0.031474079	-0.0114405802	0.0877037548	0.008019014599999999	-0.0332228945	-0.0279957023	-0.0429540374	0.06415163530000001	-0.011044663799999998	-0.054854951	0.0572180169	0.0	0.0295708	0.111145	0.00665156	-0.0007607869999999999	0.000677245	-0.000659222
7179.91	7046.608	9546.063	1.02740824	50.62375259	1.00121272	0.13846966	0.0235815973	0.065752986	0.0314013093	-0.02040569	-0.0192514436	0.0236224391	-0.0049703970000000005	-0.0425163576	-0.0457424088	0.04735727	0.0527675119	-0.0019233098999999999	-0.028414417400000003	-0.042243871399999994	0.0645044009	-0.0128638327	-0.053514510700000004	0.0585826019	0.0	0.0309969	0.0116333	-0.0165766	-0.000560812	0.000763344	-0.000659222
7188.198	7044.2446	9559.106	0.98862106	48.71258163	0.97532505	0.06239065000000001	0.072602279	-0.0271461472	0.056123536200000004	0.014887828	-0.047782291	0.0915022054	-0.058613791900000003	-0.0336581025	0.0020699574	-0.0690232278	0.0812278139	0.0053542495999999995	-0.028831759900000004	-0.0415255426	0.0648291226	-0.0146730593	-0.052109446799999994	0.0598453205	0.0	0.0326725	0.00605971	0.00905486	-0.000229097	0.000880894	-0.000800157
7211.8125	7051.2666	9582.151	1.05112946	51.79257584	1.02721822	0.26303078	0.0528028385	-0.0580834594	-0.017821208300000002	-0.0580518088	0.075425959	0.045113413399999996	-0.0602501192	0.0827319783	0.0251100749	0.0156287024	-0.0004630277	0.0525750412	-0.029247709500000003	-0.040799189799999996	0.0651256591	-0.0164709454	-0.0506414561	0.061003977	0.0	0.0192731	0.1322	0.0457243	-0.00129997	0.000574652	-0.000440839
7216.33	7058.2163	9586.199	1.07583773	53.01003265	1.04445481	0.23679755	-0.0526826787	0.0052664338	-0.052814527199999996	-0.1072110174	-0.0344200655	0.057688072	0.07273624669999999	0.009959948100000001	0.0269966294	0.0845222975	0.0366295755	0.0598916415	-0.0296622463	-0.0400649533	0.0653938816	-0.0182561012	-0.0491123114	0.0620565566	0.0	0.0295524	0.0231955	-0.0236931	-0.000675528	0.000693754	-0.000659222
7182.4619999999995	7056.3096	9567.964	0.98037159	48.30610275	0.97308195	0.05930744000000001	-0.0396866178	0.060213664199999996	-0.0073688903	-0.0314220416	-0.020591178999999998	0.0279425544	0.048789998	-0.0837255495	-0.0105572168	0.0273138921	-0.0219709863	0.0648442144	-0.0300753501	-0.0393229751	0.06563367349999999	-0.0200271473	-0.0475238591	0.0630012291	0.0	0.0331261	0.00343511	-0.0155301	-0.000319938	0.0007848319999999998	-0.0007687609999999999
7207.5283	7058.4814	9564.765	1.03294897	50.89676285	1.0068593	0.18262724	-0.036282403399999996	0.0179470908	0.0719811827	0.007629649499999999	0.07942431009999999	0.0144458348	0.0140708998	0.013473560400000001	-0.0781860419	-0.0291234713	-0.10944336	0.0653540443	-0.030487001	-0.0385733985	0.0658449304	-0.0217827146	-0.0458780176	0.0638363518	0.0	0.0288469	0.098636	0.0238249	-0.00105612	0.000814954	-0.000659222
7223.3237	7052.459	9550.223	1.04691958	51.58514023	1.01759565	0.1428449	-0.1095769518	-0.0247369599	0.048449246200000004	0.0183938087	-0.057762021	-0.0292532637	0.10188287970000001	0.0177656214	-0.0206003167	-0.0460392175	-0.0137441403	-0.0339205982	-0.0308971792	-0.0378163683	0.0660275606	-0.0235214464	-0.0441767743	0.0645604726	0.0	0.0329875	0.0320826	-0.0196553	-0.000540179	0.0008724269999999998	-0.000659222
7161.56	7049.5513	9518.226999999999	0.9871909	48.64211273	0.97897732	0.073478028	-0.06606748929999999	-0.032262930499999995	-0.0165030335	0.0984456274	-0.0515490251	-0.0505445764	0.0498676984	-0.0227156718	0.0564862643	-0.0707681237	-0.030466463399999998	-0.0547656541	-0.031305864700000005	-0.0370520308	0.0661814847	-0.0252419988	-0.042422183499999995	0.0651723324	0.0	0.031604	0.000578242	-0.0228082	-9.28006e-05	0.0009223530000000002	-0.000910663
7182.021	7051.62	9510.327	1.03252327	50.87578583	1.01268089	0.216982928	0.0055236838	-0.0196834931	-0.06634147929999999	0.06641595480000001	0.05998539730000001	-0.015850288799999997	-0.0313712803	0.007822196	0.0481985234	0.018096022	-0.09935285320000001	-0.0374622967	-0.031713038	-0.0362805338	0.0663066357	-0.026943042099999998	-0.0406163642	0.0656708672	0.0	0.0282079	0.0974587	0.0233201	-0.001044	0.000771457	-0.000601197
7183.866999999999	7030.2905	9513.643	1.02618086	50.56327438	1.00352144	0.066701001	-0.0200189413	0.029881780299999997	-0.07300122719999999	0.0034233341999999997	0.019518081899999998	-0.0694669927	0.020970783899999998	0.014085065800000001	0.016710274	0.0900226196	-0.0063824512	-0.0807501081	-0.0321186792	-0.0355020262	0.0664029592	-0.0286232615	-0.0387614971	0.0660552101	0.0	0.0272765	0.0725125	0.000318449	-0.00130061	0.0008132569999999998	-0.000659222
7199.734	7031.144	9518.12	1.00967371	49.74991226	0.98730206	0.111568729	0.0391707964	0.0754795143	0.0197439609	0.0124140713	-0.0882765301	-0.0827066667	-0.0328038727	-0.0870859491	-0.0438163467	0.0139863503	0.0377448124	-0.0856139927	-0.0325227688	-0.0347166586	0.0664704133	-0.0302813584	-0.036859822	0.0663246928	0.0	0.0359774	0.0164183	-0.00470688	-0.000628876	0.000976489	-0.000659222
7187.2144	7036.3677	9541.207	1.0262084	50.5646286	1.00185049	0.12493438	0.0868671737	0.0025426144	0.07338811599999999	0.0194335623	-0.0088572672	0.028413984500000003	-0.08885873970000001	-0.0217932887	-0.046399112	-0.0455438085	0.033041078	-0.0105772269	-0.0329252874	-0.033924582599999996	0.0665089688	-0.0319160513	-0.034913635299999995	0.0664788467	0.0	0.0279544	0.0732936	0.0288743	-0.000982363	0.000856035	-0.000604065
7184.686	7045.029	9559.537	1.06362939	52.40848541	1.03314376	0.06922202000000001	0.007680305500000001	-0.0849951819	0.0392856801	-0.08743011490000001	-0.0195351426	-0.022514097099999998	-0.0044845921	0.09596502789999999	0.0008676819	-0.0044287095	0.10170998369999999	0.0021055444	-0.033326215299999996	-0.0331259514	0.0665186088	-0.0335260768	-0.0329252874	0.0665174038	0.0	0.0185677	0.0841482	0.00444473	-0.0010982600000000002	0.000698612	-0.000386362
7163.0596	7043.3667	9557.325	1.02093792	50.30493546	1.00363219	0.15276362	-0.0154534828	-0.040120861800000004	-0.0325759507	-0.0350235845	-0.0520708841	0.072751455	0.0410502705	-0.0049691852	0.09066761050000001	-0.0196510604	0.0643623867	0.043093615300000006	-0.0337255333	-0.0323209192	0.0664993292	-0.0351101904	-0.0308971792	0.0664402971	0.0	0.0277678	0.00830326	-0.0197358	-0.000545589	0.000653382	-0.000659222
7170.4277	7051.9453	9550.712	0.99167413	48.86301422	0.98326957	0.12994334	0.0029664677	-0.0021578812	-0.0545239855	0.0028771375	0.0157685971	0.026446090699999997	-0.0222233015	-0.0156449072	0.038099871800000004	0.0303329333	-0.06365907009999999	0.056551387300000006	-0.0341232221	-0.0315096416	0.0664511384	-0.0366671679	-0.028831759900000004	0.0662476605	0.0	0.0266525	0.0656735	0.0117323	-0.000969648	0.000785629	-0.000415734
7214.803000000001	7059.4595	9554.466	1.02277732	50.39557266	0.99867725	0.04854543999999999	-0.0696425247	0.049041912800000004	-0.0408295151	-0.0573117051	0.047027583399999996	0.037658239700000005	0.0741740617	-0.007652707900000001	-0.017580738999999998	0.0629214929	-0.0269551066	0.0094724965	-0.0345192625	-0.0306922754	0.0663740572	-0.038195806	-0.026731523700000002	0.0659398291	0.0	0.0242166	0.0477627	-0.007840889999999998	-0.00111211	0.000812547	-0.000418865
7190.81	7055.5034	9531.724	0.98897696	48.7301178	0.97712076	0.13969926	-0.0716542206	0.0700325745	0.0178319895	0.0430701734	0.0146575529	0.0774830488	0.0714445479	-0.0745719516	-0.039736294	-0.0229452959	-0.050838265	-0.0052265444	-0.034913635299999995	-0.0298689786	0.0662681193	-0.039694923	-0.024599006800000003	0.0655173382	0.0	0.0304833	-0.00549385	-0.0198697	-0.000324517	0.000861047	-0.000945716
7180.6997	7053.8174	9528.785	1.02414596	50.46300888	1.00049484	0.17735884999999998	-0.014403405	-0.0066255042	0.0464561433	0.0847344333	0.0379794844	0.015153945600000001	-0.0142063642	-0.0013744601000000001	-0.017603723999999998	-0.08719151609999999	-0.08297835740000001	-0.0208815118	-0.0353063215	-0.029039910099999997	0.06613337059999999	-0.0411633604	-0.0224367844	0.06498092230000001	0.0	0.0284258	0.0669577	0.0192071	-0.00104949	0.0007949059999999998	-0.00046137
7196.7993	7048.49	9528.502	1.05254793	51.86246872	1.02057374	0.04846635	-0.060706946	-0.0726496415	0.0069933953	0.0042261191	-0.0409526169	-0.0795389052	0.061693499900000004	0.0742391761	0.0359668048	-0.028048083799999998	0.0126954587	-0.0485262489	-0.0356973021	-0.0282052302	0.06596986980000001	-0.0425999833	-0.0202474676	0.0643315143	0.0	0.0253649	0.0645793	-0.0129121	-0.001122	0.000867554	-0.000534369
7180.8784	7043.0405	9513.737	1.00089014	49.3171196	0.9852652	0.13266201	-0.027639289700000003	-0.011023180700000001	-0.0810354447	0.0306397613	-0.0430051828	0.0007145054	0.0409122311	-0.0310270242	0.0706285098	0.015085538	-0.0163426733	-0.0384913542	-0.0360865582	-0.0273651002	0.0657776879	-0.0440036813	-0.0180337002	0.0635702434	0.0	0.0284575	0.00186619	-0.023563	-0.000388211	0.000843144	-0.000900278
7190.1406	7028.786999999999	9514.912	0.99920219	49.23394775	0.98659134	0.17613141	0.0293156688	0.0620193942	-0.028550634900000003	0.029494150499999996	0.0101632731	-0.1051868247	-0.0476477667	-0.0467455531	-0.0239568526	0.05756578440000001	-0.0649629974	-0.0625496905	-0.0364740711	-0.0265196824	0.0655569085	-0.0453733696	-0.0157981555	0.0626984332	0.0	0.0229158	0.0772902	0.0140617	-0.00093575	0.000694679	-0.000445462
7181.4169999999995	7026.3286	9523.548	0.99837899	49.19338608	0.98625576	0.08391315	-0.0352421458	0.0432758859	0.0387819235	-0.0026018327	0.0339492798	0.0048469182000000005	0.0458445483	-0.0129563614	-0.0526490229	0.0112473926	0.041355659700000005	-0.0818239529	-0.036859822	-0.025669140299999997	0.0653076276	-0.046707989400000004	-0.013543533100000001	0.0617175998	0.0	0.0286364	0.0498081	-0.0239526	-0.000867597	0.00082712	-0.000498791
7170.5156	7037.1377	9514.753	0.97433484	48.00865173	0.96838361	0.06998415000000001	-0.0012188405999999999	-0.0371970527	0.026898263500000002	0.0574718824	-0.029708571200000002	0.0277376327	0.0075711445	-0.0358104816	0.0433843009	-0.0737894735	0.045186594100000005	-0.054529886	-0.0372437922	-0.024813638	0.0650299535	-0.0480065093	-0.011272555600000001	0.0606294487	0.0	0.028482	0.0166054	-0.0111127	-0.000645078	0.000857738	-0.000721397
7197.394	7042.6147	9524.85	1.01753187	50.13710785	0.99708599	0.17735735	0.0359639961	-0.049387090300000006	-0.0433206754	0.0345828978	0.0734107454	0.026954633999999998	-0.0474094354	0.029835568	0.051516942	0.0029960887	-0.0308416837	-0.0060466293	-0.0376259632	-0.023953341	0.064724007	-0.0492679257	-0.0089879656	0.059435872	0.0	0.0243357	0.104724	0.033852	-0.00100701	0.00070981	-0.000428702
7196.1533	7036.0034	9524.142	1.029796	50.74140549	1.00901926	0.1039713	-0.0388340989	0.022536131299999998	-0.0553134888	-0.06149049	0.0134467061	-0.013225149299999999	0.0478364554	0.0090024491	0.006959245699999999	0.07565383769999999	0.029473361899999998	-0.0344082314	-0.0380063166	-0.023088415499999997	0.0643899211	-0.050491263700000004	-0.0066925218	0.05813894519999999	0.0	0.025344	0.0573765	-0.00926175	-0.000942123	0.0008604129999999998	-0.000463247
7169.409000000001	7033.066999999999	9510.84	0.98755682	48.66014099	0.97659677	0.07817872999999999	-0.0198729435	0.0877736552	0.0029245878000000005	0.0292298164	-0.0331500862	0.0020886173	0.023333440299999997	-0.0945273563	-0.0399255957	-0.0050518872	0.0079282202	-0.012922904099999999	-0.038384834	-0.0222190286	0.064027841	-0.051675577699999996	-0.0043889962	0.0567409233	0.0	0.034386	0.0226775	-0.00783232	-0.000594009	0.000976489	-0.000659223
7176.6094	7038.0796	9518.287	1.03543866	51.01943588	1.00762665	0.18047797	0.0326551008	-0.021390359100000002	0.045219387300000004	0.047920928	0.046826377599999996	-0.0164502949	-0.055032299900000005	0.0235624593	-0.0459693279	-0.053235242	-0.0301177195	-0.0277699487	-0.0387614971	-0.0213453483	0.0636379241	-0.0528199524	-0.0020801704000000002	0.0552442375	0.0	0.02669	0.101517	0.0346344	-0.00121919	0.00083644	-0.000394938
7174.1724	7033.774	9512.239	1.01485074	50.00500488	0.99533588	0.10844623	-0.019300809199999998	-0.0623216091	-0.0019873812	0.0037908023	-0.0495694048	-0.029934123700000002	0.0311366956	0.032386870299999995	0.0386740478	-0.0405434451	0.0411211119	-0.0259933268	-0.0391362877	-0.0204675434	0.0632203401	-0.053923503399999996	0.0002311673	0.0536514901	0.0	0.028534	0.0499414	0.00428192	-0.000898118	0.000853029	-0.00055076
7179.8564	7039.883000000001	9511.16	0.97813594	48.19594574	0.96993887	0.04434008	0.0536865679	-0.0016674501	-0.06686376150000001	0.0339045626	-0.030391861200000002	-0.0018706348999999998	-0.0339074111	-0.0384031137	0.0723473178	0.02285436	-0.0021703377	0.0122755584	-0.039509187599999995	-0.0195857836	0.0627752703	-0.054985377800000006	0.0025422258	0.0519654508	0.0	0.0285024	0.0301415	0.017130699999999995	-0.000899391	0.000976489	-0.000659223
7195.465	7051.996999999999	9527.169	1.02684212	50.59585953	1.00776708	0.22658085	0.0792301373	0.037565198	-0.0016331806	-0.025345185299999996	0.0160710627	-0.0632850461	-0.08795337460000001	-0.0043323108	-0.0330581107	0.0396044433	-0.045924425	0.035685253300000004	-0.039880179	-0.0187002392	0.062302908399999996	-0.0560047547	0.0048502144	0.050189051299999995	0.0	0.0185812	0.137213	0.0691732	-0.00157148	0.0007650979999999998	-0.00039179
7166.803000000001	7036.2104	9526.862	1.02960074	50.73178482	1.01161361	0.14950850000000002	-0.0315795969	0.0350491893	0.0492946954	-0.0472375963	0.0382181969	0.032053657799999996	0.035020206400000004	0.0090954304	-0.048382616399999995	0.0140906796	0.05226178	-0.0080721552	-0.0402492438	-0.0178110813	0.0618034597	-0.0569808464	0.0071523459999999995	0.0483253804	0.0	0.0242043	0.0674912	0.0184653	-0.00129646	0.0008946559999999999	-0.000456326
7147.0186	7037.6269999999995	9517.201	0.98530287	48.54908371	0.97420955	0.04196217	0.0139174099	-0.007626664599999999	0.0487812644	0.040447319100000004	-0.029272710499999997	0.060242425	0.0027834888	-0.033051335	-0.0212885108	-0.070086127	0.0001291991	0.0196987029	-0.0406163642	-0.0169184818	0.0612771412	-0.0579128985	0.0094458404	0.046377679000000005	0.0	0.0267419	0.057516	0.00776973	-0.000961657	0.000909473	-0.000481782
7199.4595	7046.585	9534.209	1.0274992	50.62823486	1.00384498	0.16394916999999998	0.0572230555	-0.0768556539	-0.012022431799999999	0.0132002308	0.0606140497	0.020515876699999998	-0.0668612139	0.0704538629	0.0307998969	-0.023065977	-0.0113327354	-0.0005879333999999999	-0.0409815226	-0.0160226132	0.060724182	-0.058800190599999996	0.011727928200000001	0.044349333600000006	0.0	0.0185576	0.141282	0.0438992	-0.00159666	0.0008281039999999998	-0.000480766
7169.516	7032.2314	9539.093	1.02343631	50.42803955	1.00159705	0.16109538999999992	0.0263009248	0.0013090526	-0.05632575150000001	-0.0275173892	-0.023250991000000002	0.0052295653999999995	-0.0042679189	0.009510135500000001	0.0305415324	0.037539809	0.0337239994	0.0188697257	-0.0413447012	-0.0151236484	0.060144822199999996	-0.0596420368	0.013995853400000001	0.042243871399999994	0.0	0.0265966	0.0455577	0.00789531	-0.00136932	0.0009764900000000002	-0.000531604
7207.8726	7046.095	9549.109	0.99465024	49.00965881	0.9753052	0.05027619	0.0760631959	0.0592544126	0.014684626299999998	-0.0414943963	-0.080056998	-0.0589507747	-0.0639026605	-0.0526024133	-0.0346098522	0.0230052121	0.0312794738	0.0348895966	-0.0417058825	-0.0142217614	0.059539314	-0.0604377867	0.016246877399999998	0.0400649533	0.0	0.0311125	0.0477192	0.0296922	-0.00113392	0.00112178	-0.000586952
7184.371	7042.95	9564.017	1.03365624	50.93161011	1.00887334	0.1604516	0.0576716068	-0.0197997397	0.0814169613	-0.0354514606	0.051021429199999996	0.0016190502	-0.0591920436	0.0384179402	-0.0531676134	-0.0358542102	-0.0073577612	0.054113327	-0.0420650491	-0.013317126200000001	0.0589079204	-0.061186825099999995	0.0184782818	0.0378163683	0.0	0.0238826	0.130538	0.06354600000000002	-0.00155083	0.0009764900000000002	-0.00041817
7210.2153	7044.5566	9562.899	1.05027378	51.75041199	1.01936555	0.10733294999999998	-0.0491403407	-0.0733283874	0.0491304241	-0.0844902438	-0.0453425658	-0.035811238599999996	0.048391912	0.0912700419	-0.017687994199999998	-0.033139354100000004	0.0435120538	0.07170661519999999	-0.042422183499999995	-0.0124099178	0.0582509159	-0.0618885731	0.0206873721	0.0355020262	0.0	0.0237067	0.0925155	0.0151347	-0.00140988	0.0007418369999999999	-0.000457032
7181.164000000001	7045.670999999999	9548.001	1.00498724	49.51899338	0.99017006	0.12601033	-0.0549030425	-0.035794909900000005	-0.0497603642	-0.0134909611	-0.0477583958	0.0477607968	0.0588802362	-0.0179999671	0.0813305546	-0.0044374563	-0.007931596800000001	0.0820549574	-0.0427772687	-0.0115003113	0.0575685863	-0.0625424883	0.0228714805	0.0331259514	0.0	0.0291004	0.028993	-0.00126068	-0.00080293	0.0008126579999999998	-0.000593236
7191.1255	7043.993	9537.804	1.0135777	49.942276	1.00058413	0.18619948	-0.0231694556	0.032389197	-0.0555485957	0.0157678945	0.0452642688	-0.0025925704	-0.0042376623	-0.014910609699999999	0.0316992819	0.0507986409	-0.12838491529999999	0.0413273877	-0.04313028730000001	-0.0105884827	0.0568612282	-0.0631480654	0.025027969599999998	0.0306922754	0.0	0.0233918	0.097106	0.0570904	-0.0015639199999999997	0.0009764900000000002	-0.000437522
7195.206	7035.757	9534.119	1.02252865	50.38331985	1.00348341	0.0384734	-0.057428937	0.051647202	-0.0041714377	-0.0139753538	0.10900042310000001	0.0054424254	0.0533232567	0.0264292358	-0.057431307599999995	0.0762788944	-0.058630427	-0.0388321256	-0.043481222400000005	-0.0096746081	0.056129149100000005	-0.0637048363	0.027154235099999997	0.0282052302	0.0	0.0185592	0.10716800000000001	0.0411543	-0.00170861	0.0009764900000000002	-0.000445686
7174.616	7038.6255	9524.185	1.01520407	50.02241135	0.99524409	0.14212939999999996	-0.0347841475	0.0558626067	0.0484007729	0.0745279803	0.0433213808	0.0722187707	0.047022084400000004	-0.0476071957	-0.0649186063	-0.0395671641	-0.030490962799999997	-0.0413891051	-0.043830057	-0.008758864	0.055372667300000004	-0.06421237070000001	0.029247709500000003	0.025669140299999997	0.0	0.0282312	0.0444553	0.0190211	-0.00098816	0.00106264	-0.000591316
7180.4106	7042.619000000001	9519.084	1.00532496	49.5356369	0.98650831	0.0864186	0.0104927058	-0.0504299011	0.0188128147	0.0982600348	0.0215513145	-0.0196629989	-0.035713351000000004	0.0006243651	0.026055056099999998	-0.0755857702	-0.0437588451	-0.0545252241	-0.0441767743	-0.0078414274	0.0545921117	-0.0646702763	0.031305864700000005	0.023088415499999997	0.0	0.0243976	0.0888516	0.0342195	-0.00135586	0.00105524	-0.00050661
7198.0815	7039.08	9525.324	1.04139948	51.31314468	1.01429677	0.07000384999999998	-0.032679638999999996	-0.0643387924	-0.0324580426	-0.0127987598	0.0416001743	-0.0583241311	0.0156616441	0.0858744633	0.035609455299999995	0.013211880700000001	-0.0262339021	-0.0297323016	-0.0445213574	-0.0069224757	0.0537878216	-0.0650781993	0.033326215299999996	0.0204675434	0.0	0.0234412	0.131046	0.0365594	-0.00164906	0.000889639	-0.000475148
7197.1006	7023.2817	9517.418	1.03368616	50.9330864	1.01188326	0.17463305	-0.040799976200000004	0.0616793587	-0.04985785	0.019629606299999998	-0.0089762257	-0.0527717406	0.0483457604	-0.0535131985	0.018872868600000002	0.0647509234	-0.027851447799999998	-0.0565253463	-0.044863789800000005	-0.0060021863	0.0529601467	-0.06543582419999999	0.0353063215	0.0178110813	0.0	0.0305676	0.0430014	0.0158002	-0.000912519	0.00114308	-0.000659223
7192.677	7031.273	9517.469000000001	1.03584611	51.03951263	1.00857413	0.09182455	0.0479098626	0.0622981479	0.0222325798	0.0599111155	-0.0357887319	-0.0424380943	-0.0618270492	-0.053738887699999995	-0.0630827498	-0.0317155499	-0.0212913664	-0.0012995726	-0.045204054900000006	-0.005080737100000001	0.052109446799999994	-0.0657428748	0.0372437922	0.0151236484	0.0	0.026513	0.0825347	0.0488476	-0.00106272	0.00104921	-0.000599509
7167.863	7017.2363	9515.873	1.04217052	51.35113907	1.01755369	0.08708535000000002	0.0163142535	-0.06919062179999999	0.06438095349999999	-0.000862991	0.0109019782	-0.0660782414	-0.0217554452	0.0701633448	-0.028182559500000003	-0.0289875425	0.031127392200000003	-0.0494292416	-0.0455421363	-0.0041583061	0.051236091799999994	-0.0659991137	0.0391362877	0.0124099178	0.0	0.0242041	0.128144	0.0403361	-0.00144679	0.000928872	-0.000490804
7169.0195	7029.5776	9520.084	1.01104391	49.81742477	0.99524677	0.12569015	0.0207070231	-0.024985261800000002	-0.0595168525	-0.0159857678	-0.0289832144	0.040640044300000004	0.0011713951	-0.0028914026	0.0708838226	-0.0093971339	0.0556012475	0.0073474304	-0.0458780176	-0.0032350716999999998	0.050340461399999994	-0.0662043429	0.0409815226	0.0096746081	0.0	0.0280052	0.0590132	0.0158712	-0.00117992	0.00105945	-0.000659223
7202.5684	7042.156	9532.165	1.00300956	49.42155075	0.98979825	0.061096799999999986	0.0777363224	0.058401779699999996	-0.019729456200000002	-0.0201590429	-0.0552037376	-0.033764781	-0.0844562338	-0.0583764002	-0.009475840400000001	0.047461436399999994	0.0169863337	0.04315	-0.0462116826	-0.0023112121	0.049422945	-0.0663584038	0.0427772687	0.0069224757	0.0	0.0284659	0.0819798	0.0490111	-0.00119922	0.00107278	-0.000601261
7173.2827	7035.5967	9539.5	1.02845562	50.67536163	1.00925851	0.09707815	-0.005520015400000001	0.0045190257	0.0842251419	-0.0769470663	0.0577026764	-0.0175045688	-0.0017415176000000001	0.06319541099999999	-0.0795676967	0.0120096685	0.0310707414	0.0391318446	-0.0465431152	-0.0013869059	0.0484839415	-0.0664611772	0.0445213574	0.0041583061	0.0	0.0239822	0.136804	0.0496227	-0.00169302	0.000959481	-0.000465187
7191.8769999999995	7045.609	9533.836	1.04604888	51.54223633	1.01984119	0.17623444	-0.0681270543	-0.040339645699999996	0.026023671600000003	-0.0050821554	-0.045720934299999995	0.056792958399999996	0.0646407056	0.0089366299	0.0040482752000000006	-0.0603207924	0.0170689705	0.0488139047	-0.046872299400000005	-0.0004623318	0.0475238591	-0.0665125838	0.0462116826	0.0013869059	0.0	0.0244311	0.0522538	-0.00037034	-0.00107084	0.00106497	-0.000562364
7167.725	7054.5107	9523.7295	1.01084709	49.80773163	0.99313152	0.05010638999999999	0.0076913562	-0.0161868483	-0.0636133383	0.039479636400000004	-0.0035963241999999998	0.0324684182	-0.010380545699999999	-0.0205598354	0.07038695860000001	-0.0220256724	-0.0605724578	0.0457685116	-0.0471992193	0.0004623318	0.0465431152	-0.0665125838	0.0478462031	-0.0013869059	0.0	0.0247817	0.0644843	0.0304058	-0.00114172	0.00109407	-0.000527361
7174.831	7037.818	9520.068000000001	1.01583779	50.05363846	1.00080538	0.1726994	0.019104006200000002	0.025164296200000002	-0.026807012400000003	-0.0114590279	0.10462912939999999	-0.0676898791	-0.038957048	0.0457475348	-0.0048290713	0.07635079480000001	-0.07312956570000001	-0.0181673137	-0.0475238591	0.0013869059	0.0455421363	-0.0664611772	0.049422945	-0.0041583061	0.0	0.0189512	0.160029	0.0605595	-0.00178193	0.00100946	-0.000428771
7195.99	7042.7637	9526.306	1.03345537	50.92171097	1.01210141	0.19229415	-0.0344384768	0.0678849817	0.024617249100000002	0.007479324200000001	0.0373032294	0.0482458171	0.0442817573	-0.0341780353	-0.0649232664	0.0278262617	-0.0004457259	-0.0098134948	-0.0478462031	0.0023112121	0.0445213574	-0.0663584038	0.0509400044	-0.0069224757	0.0	0.0257241	0.0611535	0.0162082	-0.0010935	0.00110835	-0.00048734
7194.432	7047.826999999999	9531.382	0.99833238	49.19108963	0.98513883	0.03618905000000001	0.0526374567	-0.0288473569	0.0067409843999999995	0.0614302441	-0.0531950601	0.039821068599999995	-0.049922358	-0.0300157652	0.0399664151	-0.0767012145	0.0014300698999999998	-0.007749744300000001	-0.048166235700000004	0.0032350716999999998	0.043481222400000005	-0.0662043429	0.0523955491	-0.0096746081	0.0	0.025668	0.0678039	0.0294336	-0.00107198	0.00124009	-0.000659223
7206.253000000001	7041.195	9555.754	1.04644287	51.56164932	1.02513325	0.1981452	0.07488571940000001	-0.0458605697	-0.0348556569	-0.037062153	0.0970657459	0.0421995835	-0.0705942928	0.0789210273	0.0187547345	0.0477208597	-0.0010139342999999999	-0.0218593055	-0.0484839415	0.0041583061	0.042422183499999995	-0.0659991137	0.0537878216	-0.0124099178	0.0	0.0189454	0.16109599999999996	0.0633932	-0.00185847	0.000961556	-0.000440829
7200.8843	7058.6846	9571.642	1.0422895	51.35700226	1.01938808	0.193381887	-0.0025023101000000002	0.0465600926	-0.012585551499999998	-0.058842063	-0.029117069	0.030888266	0.0249464104	-0.024803455	-0.0192355068	0.0699907761	0.040756192999999996	0.0371600059	-0.048799305099999996	0.005080737100000001	0.0413447012	-0.0657428748	0.0551151404	-0.0151236484	0.0	0.0189092	0.0680936	0.000545363	-0.00132822	0.00110835	-0.000513694
7183.5034	7046.8364	9567.943000000001	0.98287725	48.42956543	0.97405571	0.04354013699999999	0.0103421913	0.028792323199999997	0.056972469000000005	-0.0141397448	-0.0087386894	0.0543092829	-0.0086250058	-0.0455417885	-0.0334986622	-0.0416746746	0.0189357326	0.0650175053	-0.0491123114	0.0060021863	0.0402492438	-0.06543582419999999	0.056375902900000004	-0.0178110813	0.0	0.0189195	0.0592235	0.025296	-0.00120829	0.00110835	-0.000435442
7200.6577	7046.0737	9568.109	1.03835547	51.1631546	1.01698208	0.16579744999999999	-0.021733215499999996	-0.06383248379999999	0.07505570219999999	-0.0477595291	-0.0050170795	-0.0688856242	-0.0019638542	0.0947813526	-0.0525157979	-0.0364457053	-0.0327818682	0.0353197256	-0.049422945	0.0069224757	0.0391362877	-0.0650781993	0.0575685863	-0.0204675434	0.0	0.0189226	0.144874	0.0520168	-0.00209	0.000998973	-0.000512816
7234.764	7052.5835	9558.388	1.03649592	51.0715332	1.01338422	0.19314115	-0.0801555766	-0.0566462241	-0.008875385999999999	-0.0028664853000000003	-0.0850383129	0.0113140779	0.07493638799999999	0.0279067688	0.0620883709	-0.0336431093	0.0023060032	0.0571376626	-0.049731191200000004	0.0078414274	0.0380063166	-0.0646702763	0.058691750599999995	-0.023088415499999997	0.0	0.0238163	0.0514091	0.00946395	-0.00130119	0.00110835	-0.000659223
7184.1157	7048.38	9533.424	0.98660707	48.6133461	0.97708189	0.05051385	-0.033274081000000004	-0.018056119	-0.08998564369999999	0.043469014800000004	0.0046031995	-0.0058327811	0.017184319099999998	-0.034633888700000004	0.082570664	-0.000614601	-0.08461688310000001	0.0400026054	-0.0500370349	0.008758864	0.036859822	-0.06421237070000001	0.059744039400000004	-0.025669140299999997	0.0	0.027915	0.0582872	0.034618	-0.0012645200000000003	0.00135934	-0.000659223
7176.151999999999	7036.304	9529.253	1.02635777	50.57199097	1.00812328	0.21717889999999998	-0.0171236819	0.0232230992	-0.0330461616	-0.0024024393	0.1037098992	-0.0951372353	-0.024912983599999997	0.0447267475	-0.0099253529	0.0648496276	-0.0836484943	-0.0292057073	-0.050340461399999994	0.0096746081	0.0356973021	-0.0637048363	0.060724182	-0.0282052302	0.0	0.0189415	0.164929	0.0740981	-0.00203714	0.00110835	-0.000441163
7209.2812	7030.175	9522.822	1.04413939	51.44814682	1.0188005	0.2068765	-0.0806170678	0.0746382107	-0.0047598122	0.0236718364	0.0834094397	0.0553823625	0.0719852364	-0.0298215075	-0.06070956	0.0377132627	-0.0369412346	-0.0525092392	-0.0506414561	0.0105884827	0.0345192625	-0.0631480654	0.0616309946	-0.0306922754	0.0	0.0189357	0.067966	0.0198348	-0.00133482	0.00145622	-0.000378465
7165.4443	7035.4106	9504.453000000001	0.99729878	49.14015961	0.97934872	0.023781950000000007	0.0045375238	0.0155442059	0.042640720599999994	0.0962159324	0.0222225028	0.034752414100000004	-0.0093348749	-0.0252002006	-0.0292227012	-0.062156106100000004	-0.0121241426	-0.0512379041	-0.0509400044	0.0115003113	0.033326215299999996	-0.0625424883	0.0624633824	-0.0331259514	0.0	0.0189107	0.07765049999999998	0.0236084	-0.00126347	0.00142881	-0.000485682
7179.1359999999995	7018.2075	9508.686	1.02686357	50.59691238	1.00503337	0.1727508	0.0310479932	-0.07797935269999999	-0.008445858	0.036942112	0.0932090948	-0.0202594514	-0.062853091	0.084448415	0.0111826474	-0.013157103799999998	-0.0098297364	-0.0859316509	-0.051236091799999994	0.0124099178	0.0321186792	-0.0618885731	0.0632203401	-0.0355020262	0.0	0.0189373	0.15746	0.0591432	-0.00212092	0.00117357	-0.000450774
7167.2266	7015.6140000000005	9518.023000000001	1.02715325	50.61118698	1.00959992	0.20365079	-0.0083472113	-0.0250412125	-0.0625075443	-0.0180212945	-0.023259050400000002	0.0193580845	0.0143698282	0.0080065973	0.0603691413	0.0453079983	0.0413683577	-0.0289751616	-0.051529704100000004	0.013317126200000001	0.0308971792	-0.061186825099999995	0.0639009535	-0.0378163683	0.0	0.0188654	0.0608819	0.00734586	-0.00141681	0.00136508	-0.000659223
7201.3237	7035.914000000001	9517.255	0.98057932	48.31633759	0.96754241	0.03527554	0.0679236309	0.0664503554	-0.0183944347	-0.0159613678	-0.1068530332	-0.0718271632	-0.0603790213	-0.0645835858	-0.0191358245	0.0462748782	0.0416884354	0.0102433301	-0.051820827199999996	0.0142217614	0.0296622463	-0.0604377867	0.0645044009	-0.0400649533	0.0	0.0189022	0.0683421	0.0206527	-0.00126079	0.00141276	-0.000573489
7188.009	7036.3994	9534.1875	1.01244438	49.88643265	0.99820542	0.1620143	0.0745120389	0.027924673100000002	0.050681267800000006	-0.0684635457	0.0023419320999999997	-0.0556999013	-0.0735142215	0.0212591553	-0.07145846559999999	0.048029958399999996	0.0581595755	0.0004583884	-0.052109446799999994	0.0151236484	0.028414417400000003	-0.0596420368	0.0650299535	-0.042243871399999994	0.0	0.013451500000000003	0.145982	0.0525585	-0.00192283	0.00125319	-0.000454741
7172.9604	7040.701999999999	9542.326	1.01132822	49.83143616	0.99971664	0.1664181	0.0054526598	0.0096861577	0.0734952192	-0.0404741912	-0.029918067599999997	0.06618945799999999	0.030597667000000002	-0.0085585296	-0.0551395058	-0.034212992000000005	0.08857589140000001	0.047269407199999995	-0.0523955491	0.0160226132	0.027154235099999997	-0.058800190599999996	0.0654769766	-0.044349333600000006	0.0	0.0247876	0.0554573	0.0213023	-0.0015933	0.0013852	-0.000659223
7179.9490000000005	7051.0913	9543.855	0.99560207	49.0565567	0.98060888	0.0512675	0.0368655689	-0.0620445605	0.039379483300000004	0.0152672027	-0.0281007425	0.0830908001	-0.025775553700000002	-0.0121529099	0.030748896	-0.09023174029999999	0.0436967741	0.0544167389	-0.0526791203	0.0169184818	0.025882247200000003	-0.0579128985	0.0658449304	-0.046377679000000005	0.0	0.018847	0.0714137	0.0389196	-0.00154986	0.00142533	-0.000507729
7228.7515	7051.6123	9555.256	1.03775465	51.13355255	1.01354766	0.08510700000000003	-0.0217228973	-0.0878181074	-0.0182950573	-0.0818635553	0.0338192078	-0.0130349393	0.0194015524	0.0994305349	0.0345203997	0.024131725299999997	0.013650934299999999	0.0619783292	-0.0529601467	0.0178110813	0.024599006800000003	-0.0569808464	0.06613337059999999	-0.0483253804	0.0	0.0188763	0.126727	0.037727	-0.00191594	0.0012684	-0.000459303
7208.7056	7053.5044	9543.136	1.01743281	50.13222885	1.00049484	0.15705165	-0.0789024544	0.0127618552	-0.0673167721	-0.0260796928	-0.0213975152	0.0600240871	0.08633264199999999	-0.0245650764	0.0563291966	0.036221845499999995	-0.030633977799999997	0.054284978899999996	-0.0532386146	0.0187002392	0.0233050717	-0.0560047547	0.0663419489	-0.050189051299999995	0.0	0.02422	0.0512384	0.00588765	-0.0013993	0.00143944	-0.000659223
7189.2524	7052.1074	9527.063	0.98636228	48.60128403	0.97559845	0.064635	-0.0314395269	0.073995695	-0.031394157400000004	0.0180844801	-0.0210381354	-0.0328317491	0.014234089299999999	-0.07040740849999999	-0.012867216499999999	0.018557895	-0.059249990700000005	0.0424525762	-0.053514510700000004	0.0195857836	0.0220010045	-0.054985377800000006	0.0664704133	-0.0519654508	0.0	0.018842	0.0699819	0.0327232	-0.00133669	0.00140493	-0.000482784
7177.8174	7046.4966	9522.502	1.03475404	50.98570251	1.01290512	0.1227842	-0.0442006884	0.023029919700000002	0.042104968799999996	0.0101446081	0.06619131860000001	-0.0475881892	0.0251270794	0.0338532787	-0.0794833457	-0.0018717566	-0.0695917261	-0.0270586265	-0.0537878216	0.0204675434	0.0206873721	-0.053923503399999996	0.0665186088	-0.0536514901	0.0	0.0188817	0.144686	0.04223	-0.00200258	0.00130886	-0.000474072
7178.244000000001	7046.331	9514.378	1.03562343	51.02854156	1.01349139	0.177712265	-0.0658442522	0.008038358	0.0431186475	0.074070327	-0.023125688199999998	0.007304024300000001	0.0685388246	-0.034601301099999995	-0.0197192381	-0.0683264414	-0.0074837446	-0.0618687844	-0.0540585341	0.0213453483	0.0193647456	-0.0528199524	0.06648647719999999	-0.0552442375	0.0	0.0188368	0.0594392	0.000879085	-0.00123687	0.00146855	-0.000570065
7181.085	7051.0019999999995	9510.99	1.017362	50.12874222	0.9959361	0.110189665	0.0407124685	-0.0424626382	-0.0288230314	0.10922408460000001	0.0038456573	-0.0160188912	-0.05057038639999999	-0.0059198909	0.0536037284	-0.0597244137	-0.0411907514	-0.0628546744	-0.0543266351	0.0222190286	0.0180337002	-0.051675577699999996	0.0663740572	-0.0567409233	0.0	0.0188921	0.0900332	0.0440066	-0.00169667	0.00133435	-0.000435808
7178.757	7029.6304	9521.882	1.03450084	50.97322464	1.01264334	0.07444725	0.047874495499999996	-0.026536293500000002	-0.0723216692	-0.022900041800000003	0.0710721247	-0.0027106203999999997	-0.0359872337	0.051010550300000006	0.0432096686	0.0721629531	0.0264837811	-0.0643276911	-0.0545921117	0.023088415499999997	0.0166948144	-0.050491263700000004	0.0661814847	-0.05813894519999999	0.0	0.0189025	0.133412	0.0492896	-0.00218329	0.00130694	-0.000437279
7196.977	7025.3413	9535.096	1.02050102	50.28340912	0.99749947	0.13815585	0.0433647905	0.0730667698	-0.0123459153	-0.0416564139	-0.1149622991	-0.0554391983	-0.0343965985	-0.045087587199999994	-0.023006798	0.051749728499999995	0.051080083899999996	-0.031512594399999996	-0.054854951	0.023953341	0.0153486704	-0.0492679257	0.0659089921	-0.059435872	0.0	0.0242608	0.0711408	0.0198835	-0.00165314	0.00142743	-0.000609044
7183.644	7035.5127	9553.204	0.99698597	49.12474823	0.98419809	0.0533362	0.0751534901	0.030837064900000002	0.07417992030000001	-0.024225585499999997	-0.06264442049999999	0.0049412981	-0.0693144536	-0.0539112217	-0.049996855599999994	-0.0317724073	0.08435214630000001	0.0202941955	-0.0551151404	0.024813638	0.013995853400000001	-0.0480065093	0.0655569085	-0.0606294487	0.0	0.0188415	0.07262409999999998	0.051684	-0.00159373	0.00155021	-0.000498572
7155.9756	7031.3027	9563.462	1.03201783	50.85088348	1.01274884	0.13739685	0.0361506304	-0.057677547999999995	0.0942435235	-0.0553698392	-0.012665603300000002	-0.0203662875	-0.0359156826	0.0739785619	-0.050708425700000004	-0.0442491192	0.0632161227	0.0425778429	-0.055372667300000004	0.025669140299999997	0.012636951499999998	-0.046707989400000004	0.0651256591	-0.0617175998	0.0	0.0162187	0.148429	0.0597778	-0.00227115	0.00125265	-0.000456045
7179.1807	7039.894	9560.081	1.03131843	50.81642151	1.01035905	0.17136725	-0.0606108932	-0.0600086758	-0.0001399888	-0.0488928077	-0.1053745366	0.0093614888	0.07554561309999999	0.0354017117	0.038215249900000005	-0.0527099042	0.0331066692	0.0566408061	-0.0556275193	0.0265196824	0.011272555600000001	-0.0453733696	0.0646157647	-0.0626984332	0.0	0.0165959	0.0708115	0.0107561	-0.00154146	0.00137724	-0.000488782
7151.674	7046.52	9538.082	0.97574133	48.07795334	0.970065	0.04882445	-0.0255090217	-0.0223427339	-0.0647493173	0.0133669113	-0.0288829364	0.0409845702	0.030344365499999998	-0.0316156263	0.08682768619999999	0.0045253065	-0.0314279202	0.0680146468	-0.0558796839	0.0273651002	0.0099032589	-0.0440036813	0.064027841	-0.0635702434	0.0	0.0216982	0.0640169	0.0254701	-0.00130353	0.00141314	-0.000659223
7148.444	7036.786999999999	9528.124	1.00465584	49.50266647	0.9961555	0.1936347	-0.023911112400000004	0.0024322503	-0.06388450650000001	0.0037892102000000004	0.0874654143	-0.014952881699999998	-0.004508030200000001	0.011323834599999999	0.0341814145	0.0569112929	-0.09581956970000001	0.0194596904	-0.056129149100000005	0.0282052302	0.008529656600000001	-0.0425999833	0.0633625979	-0.0643315143	0.0	0.0162279	0.160242	0.0592402	-0.00205876	0.00119563	-0.000468579
7226.9067	7037.514	9530.6045	1.04416883	51.44960022	1.01634395	0.16754755	-0.0868035966	0.06690125	-0.0298295479	0.004472929699999999	0.0748488899	0.0576161374	0.08589956369999999	-0.0315109283	-0.0330267949	0.06852922139999999	-0.010682393899999998	-0.0541597483	-0.056375902900000004	0.029039910099999997	0.0071523459999999995	-0.0411633604	0.0626208389	-0.06498092230000001	0.0	0.0188522	0.07982949999999998	0.0104065	-0.00168506	0.00145728	-0.00054677
7173.0503	7035.717	9511.659	1.01119161	49.82470322	0.98791593	0.03354055	-0.0014617764	0.0832756797	0.028079621800000003	0.0811408628	-0.0101520259	0.0268917579	0.0044660539	-0.08614305720000001	-0.047824264500000005	-0.0363158361	-0.0022863189	-0.0409065667	-0.0566199331	0.0298689786	0.005771925799999999	-0.039694923	0.0618034597	-0.0655173382	0.0	0.0188552	0.0753649	0.0201363	-0.00139021	0.00153333	-0.000530807
7166.6606	7031.9385	9521.484	1.05713606	52.08853912	1.0302043	0.22218415	0.0535840513	-0.0413263852	0.0488392813	0.0584061396	0.041461666800000005	-0.0348418057	-0.07309246650000001	0.0515171684	-0.034738026400000004	-0.0440227033	0.0007652663	-0.0737642379	-0.0568612282	0.0306922754	0.0043889962	-0.038195806	0.060911447199999996	-0.0659398291	0.0	0.0141194	0.153934	0.0795918	-0.00269829	0.00137191	-0.000411832
7181.6177	7036.661999999999	9537.95	1.0570085	52.0822525	1.02708185	0.19886815	0.0342876964	-0.0482120297	-0.0430268058	-0.0171904024	-0.0307233739	0.0367155081	-0.0065218191	0.0079036414	0.056020984100000004	0.014502813400000002	0.091177765	-0.043488633799999996	-0.057099776500000005	0.0315096416	0.0030041584000000004	-0.0366671679	0.0599458788	-0.0662476605	0.0	0.0188387	0.072763	0.0139333	-0.00196743	0.00142687	-0.000572399
7220.1006	7043.7114	9556.463	1.00429308	49.4847908	0.98686451	0.0590473	0.08579723460000001	0.0203515246	-0.037774053599999996	-0.0353101006	-0.0856682449	-0.00021218	-0.0560371416	-0.057210957199999996	0.0241336241	0.0235758735	0.06701463889999999	0.030793708700000002	-0.0573355663	0.0323209192	0.0016180145999999999	-0.0351101904	0.0589079204	-0.0664402971	0.0	0.0233655	0.0667873	0.0351324	-0.0016332	0.00155273	-0.000659223
7199.125	7041.8457	9580.581	1.04229438	51.35723877	1.02251196	0.1894776	0.0784075504	0.0314109237	0.0268466009	-0.0887916406	-0.0167184205	-0.0260291481	-0.0691904518	0.023687751099999998	-0.0466524958	0.0328134365	0.0503842526	0.059381073300000004	-0.0575685863	0.0331259514	0.0002311673	-0.0335260768	0.0577988254	-0.0665174038	0.0	0.0130124	0.150248	0.0691182	-0.00252254	0.0014194600000000004	-0.000448273
7177.081999999999	7048.6269999999995	9587.133	1.03107417	50.80438232	1.01363146	0.1761239	-0.025120548399999998	0.008781112399999999	0.0704429212	-0.06040867019999999	-0.0180024422	0.057431365199999994	0.049554078200000004	-0.0205581937	-0.035891284	-0.0266586344	0.07269209780000001	0.0838555942	-0.0577988254	0.033924582599999996	-0.0011557805	-0.0319160513	0.0566199331	-0.0664788467	0.0	0.0188063	0.0738525	0.0141231	-0.00198373	0.00150609	-0.000601621
7163.651	7054.533	9576.171999999999	0.98989129	48.77516937	0.98035836	0.0513977	-0.0175161144	-0.0489893599	0.0486206982	-0.0055377641	-0.046491767999999996	0.036388275899999996	0.0313893749	-0.0047544204	0.010025664200000001	-0.0737549302	0.0190271454	0.08154693190000001	-0.0580262722	0.0347166586	-0.0025422258	-0.0302813584	0.055372667300000004	-0.0663246928	0.0	0.0164674	0.07950029999999998	0.0302071	-0.00164747	0.00141893	-0.000478501
7212.686	7044.179	9572.381	1.03286827	50.89278412	1.00765085	0.15855765	-0.052580926900000005	-0.07717964990000001	0.0068626405	-0.037522973	-0.0022052777	-0.0481871417	0.0307046802	0.10122532210000001	0.0198969327	-0.030641037200000002	-0.0433321368	0.054073871399999994	-0.0582509159	0.0355020262	-0.0039275659	-0.0286232615	0.0540585341	-0.0660552101	0.0	0.0102559	0.15163199999999996	0.0574187	-0.0024551	0.0012559	-0.000389104
7215.991	7057.8584	9564.879	1.04218328	51.35176849	1.02034295	0.222609901	-0.08924124130000001	-0.0174184382	-0.0600872992	0.0131557826	-0.0315277223	0.037754564	0.10834226949999999	-0.0092943614	0.0654194284	0.005405954	-0.029047504300000002	0.022695847	-0.0584727457	0.0362805338	-0.0053111984	-0.026943042099999998	0.0526791203	-0.0656708672	0.0	0.0187822	0.0582169	0.000994149	-0.00162303	0.00143859	-0.000659223
7170.9766	7061.715999999999	9542.095	1.031142	50.807724	1.00970018	0.12853415099999999	-0.015154173799999998	0.045368475400000004	-0.0487557638	0.0387900704	0.00027543369999999997	-0.0234672082	-0.0044243642	-0.054242537	0.0279713958	0.0345538157	-0.1018380391	0.0172433205	-0.058691750599999995	0.0370520308	-0.0066925218	-0.0252419988	0.051236091799999994	-0.0651723324	0.0	0.0132685	0.102079	0.0507907	-0.00194546	0.0014812	-0.000437027
7172.135	7029.5186	9534.414	1.02111506	50.31366348	1.00586927	0.06067654999999999	-0.0393553711	0.0596202565	0.005998685500000001	0.0059378638	0.0760167643	-0.0687905836	0.0208266476	0.0036487201000000003	-0.057851373600000006	0.0571184454	-0.038978891099999996	-0.0691179491	-0.0589079204	0.0378163683	-0.0080709356	-0.0235214464	0.049731191200000004	-0.0645604726	0.0	0.014151	0.132924	0.0505215	-0.00247433	0.00143661	-0.000437164
7169.0244	7036.076	9533.363000000001	1.01529241	50.02676392	0.99782169	0.14126365	-0.024934679900000003	0.0587293911	0.0345571102	0.0643351286	0.0308622277	0.0656766838	0.0358026792	-0.05729097599999999	-0.0601590734	-0.0365524376	0.0126201953	-0.08130859480000001	-0.0591212443	0.0385733985	-0.0094458404	-0.0217827146	0.048166235700000004	-0.0638363518	0.0	0.0188123	0.0642125	0.0336116	-0.00185968	0.00161952	-0.000659223
7194.11	7039.0547	9543.657	1.04795158	51.63598633	1.02143598	0.17487870000000003	0.0708773832	-0.0442133167	0.013824580800000002	0.0729094653	0.011080221000000001	0.0299382774	-0.0811073603	0.0118309837	0.0282803781	-0.0700928973	-0.010300327199999999	-0.0585692182	-0.0593317122	0.0393229751	-0.010816638600000001	-0.0200271473	0.0465431152	-0.0630012291	0.0	0.014834	0.132641	0.0865398	-0.00259105	0.00154942	-0.000469819
7182.1616	7033.8823	9552.808	1.05475509	51.97121811	1.03139114	0.06050384999999996	0.0354147479	-0.039346416099999997	-0.04952476769999999	-0.043677510700000005	0.0486793176	0.0127081591	-0.021500500699999998	0.0490721379	0.0318271819	0.0556022776	0.019467559	-0.0353025768	-0.059539314	0.0400649533	-0.012182734099999998	-0.0182561012	0.044863789800000005	-0.0620565566	0.0	0.0120752	0.152605	0.066197	-0.00284322	0.00147819	-0.000495184
7178.441	7023.1465	9551.313	1.01223803	49.87626648	0.99551219	0.13521695	0.0444486559	0.0552508899	-0.006757124399999999	-0.041551542999999996	-0.08266042309999999	-0.0406840915	-0.0149696728	-0.052048200999999995	-0.017307259	0.0333853439	0.06771765519999999	-0.0094994103	-0.059744039400000004	0.040799189799999996	-0.013543533100000001	-0.0164709454	0.04313028730000001	-0.061003977	0.0	0.0188034	0.0840674	0.0516338	-0.00228129	0.00165998	-0.000659223
7160.901	7043.7183	9567.607	1.03929281	51.20934296	1.01736343	0.15562099999999998	0.0733487556	0.0244640985	0.0844389629	-0.0156458893	0.0005025676	-0.0024661273	-0.0797291914	-0.023124585899999998	-0.0518195596	-0.028983303999999998	0.015612973200000001	0.06640780019999999	-0.0599458788	0.0415255426	-0.0148984438	-0.0146730593	0.0413447012	-0.0598453205	0.0	0.0117944	0.14283	0.100936	-0.00278768	0.00157094	-0.000443709
7189.6553	7022.5146	9562.078000000001	1.06786776	52.61732101	1.04129493	0.07418964999999998	-0.0334672407	-0.08952229490000001	0.0700360871	-0.08938994800000001	-0.0309950812	-0.0764551984	0.0216431827	0.1053700406	-0.011666501499999999	-0.033473692400000005	0.044630523600000006	0.0298513431	-0.060144822199999996	0.042243871399999994	-0.016246877399999998	-0.0128638327	0.039509187599999995	-0.0585826019	0.0	0.01116	0.178924	0.082372	-0.002966	0.00141764	-0.000397384
7174.024	7035.9663	9546.7705	1.03454542	50.97542191	1.01578975	0.18585185	-0.0757612804	-0.0268537481	-0.0424981971	-0.0237007435	-0.054149396100000004	0.04506658980000001	0.0762266868	-0.0017396515	0.0657382869	-0.0031487451	0.0188305203	0.0668953985	-0.0603408602	0.0429540374	-0.0175882474	-0.011044663799999998	0.0376259632	-0.0572180169	0.0	0.0188399	0.089544	0.043649	-0.00234079	0.00162123	-0.000569963
7157.2217	7038.616999999999	9524.809000000001	1.01838338	50.1790657	1.00375807	0.13609079999999998	-0.0186398942	0.0409230879	-0.053923979299999994	0.0404477925	0.0168547128	-0.0429831967	-0.0198964898	-0.0174977876	0.020084503899999998	0.0416824627	-0.08855174699999999	0.020759629499999998	-0.0605339832	0.0436559033	-0.0189219708	-0.0092169587	0.0356973021	-0.0557539383	0.0	0.0123092	0.149391	0.0786476	-0.00275062	0.00149568	-0.000411053
7184.4834	7022.6997	9522.258	1.02552795	50.53110504	1.00733316	0.04200119999999997	-0.059512370599999996	0.0450245091	0.0085366974	-0.005655795	0.0986503651	-0.0119683125	0.055400812300000005	0.016101303799999998	-0.0686570146	0.050529001	-0.0393385558	-0.0509937496	-0.060724182	0.044349333600000006	-0.0202474676	-0.0073821299	0.0337255333	-0.0541929118	0.0	0.0139792	0.15973599999999996	0.0747019	-0.00310883	0.0016269	-0.000442433
7151.142	7035.741	9510.315999999999	1.03097796	50.79964066	1.00845718	0.12816019999999997	-0.0314215768	-0.0008124988000000001	0.0286208366	0.1009702235	-0.0195433089	0.0478784117	0.0397084798	-0.0357742821	0.0035915440000000003	-0.0710508106	0.013338642900000001	-0.0898401361	-0.060911447199999996	0.0450341943	-0.0215641617	-0.0055415955000000005	0.031713038	-0.052537652000000004	0.0	0.0188441	0.0857486	0.0609744	-0.00261201	0.00175209	-0.000532031
7185.9897	7039.6167	9523.273000000001	1.0557766	52.02155304	1.02585316	0.14544264999999998	0.070968775	-0.0177038929	-0.061459634699999995	0.088802177	0.0196597289	0.015208164599999999	-0.0750273109	-0.015675674	0.0784571291	-0.0143446226	-0.0425608092	-0.0262518351	-0.0610957699	0.0457103529	-0.0228714805	-0.0036967782	0.0296622463	-0.050791037000000004	0.0	0.0083085	0.14109	0.112869	-0.00288662	0.00165009	-0.00035522
7182.8203	7027.9087	9530.775	1.05817771	52.13986588	1.03384161	0.11046403	0.0445241821	0.0152227648	-0.033255210699999996	-0.0457923998	0.0194928695	-0.0663203876	-0.0378043385	0.0453018272	-0.027300530899999998	0.08436652859999999	0.0267778722	-0.058568656600000005	-0.0612771412	0.046377679000000005	-0.0241688557	-0.0018491037	0.0275756348	-0.0489561039	0.0	0.00230782	0.190821	0.0917938	-0.0033764	0.00147244	-0.000360933
7171.049	7046.0454	9554.498	1.05999792	52.22954941	1.03496182	0.25521008	0.0235607208	0.054909399000000005	0.0485852985	-0.029909615499999997	-0.0514320505	0.0184962644	0.005755855600000001	-0.047596933099999995	-0.053255609800000006	0.010541951	0.06380784769999999	-0.0062688295	-0.06145555230000001	0.0470360434	-0.0254557233	-0.0	0.0254557233	-0.0470360434	0.0	0.0188185	0.08937069999999998	0.0332494	-0.00229939	0.00175209	-0.000578367
7165.8945	7049.806	9563.782	1.01878595	50.19890213	1.00037491	0.09023174999999999	0.052353167199999995	-0.0406736382	0.0465141171	0.024245356699999998	-0.0373721083	0.060950834800000006	-0.0388319506	-0.0209816635	0.0032119262	-0.08611991869999999	0.029689583999999998	0.0124364623	-0.0616309946	0.0476853191	-0.026731523700000002	0.0018491037	0.0233050717	-0.0450341943	0.0	0.0121987	0.111061	0.0734541	-0.0023585	0.00158146	-0.000373768
7195.813	7046.904	9576.88	1.05653155	52.05875397	1.03296566	0.11317275	0.011814780300000001	-0.0816528269	-0.0139376206	-0.0837470937	0.0296597081	0.0270437354	-0.004431503900000001	0.09107921050000001	0.0239371559	-0.011243978100000001	0.0437324169	0.0381935926	-0.0618034597	0.0483253804	-0.0279957023	0.0036967782	0.0211262772	-0.0429540374	0.0	0.012044	0.165022	0.0887938	-0.0031479	0.00149968	-0.000376935
7190.130999999999	7038.6885	9568.618	1.0271858	50.61278915	1.01200533	0.16738870000000003	-0.0376545031	-3.08971e-05	-0.055255728600000005	-0.0483472842	-0.0554639125	0.0674808263	0.067801508	-0.0290101718	0.05514672	0.0463106356	0.0350421265	0.086766615	-0.0619729391	0.0489561039	-0.029247709500000003	0.0055415955000000005	0.0189219708	-0.040799189799999996	0.0	0.0112819	0.0883221	0.0488132	-0.0023585	0.00168308	-0.000403057
7190.906999999999	7054.901	9570.66	1.0654732	52.49933624	1.03907025	0.18005649999999998	0.0140923981	0.07444833769999999	0.0148028206	-0.0038676024	-0.0108887028	-0.013530490800000001	-0.0273259341	-0.0504967683	-0.0375975132	0.0140531957	-0.0796543162	0.0727297325	-0.0621394246	0.0495773675	-0.030487001	0.0073821299	0.0166948144	-0.0385733985	0.0	0.0124039	0.157376	0.115685	-0.00312209	0.0015899	-0.000406463
7188.8438	7041.1846	9556.392	1.05520821	51.99354553	1.03047156	0.06928854999999998	-0.0643187455	0.0074127916	0.0706581713	-0.0158080713	0.072182749	-0.0255363261	0.049501381799999994	0.0554746303	-0.0658333743	0.0032574666	-0.0252881896	0.0328967222	-0.062302908399999996	0.050189051299999995	-0.031713038	0.0092169587	0.0144474976	-0.0362805338	0.0	0.0111164	0.194021	0.121483	-0.00353121	0.00168963	-0.000404152
7186.2007	7031.5195	9529.601999999999	1.02962828	50.73313904	1.01149571	0.17867049999999998	-0.08493169060000001	-0.0270030324	0.017772158899999998	0.0587587337	-0.047171809800000006	0.0151977961	0.0784542817	0.0051454156	0.0268520964	-0.061986160199999994	-0.0078219559	-0.027298357599999996	-0.0624633824	0.050791037000000004	-0.0329252874	0.011044663799999998	0.012182734099999998	-0.033924582599999996	0.0	0.0165072	0.119617	0.0793064	-0.00262446	0.0017240999999999997	-0.000596914
7153.831	7036.596	9511.609	1.01208866	49.86890411	0.99697053	0.10395515	0.000572355	-0.023793794500000003	-0.0676232561	0.06730443280000001	0.0344273478	-0.017550771200000002	-0.0264647754	-0.0040730834	0.0832575151	-0.014913955800000002	-0.0767406483	0.0161457632	-0.0626208389	0.051383208300000004	-0.0341232221	0.0128638327	0.0099032589	-0.0315096416	0.0	0.0124292	0.163865	0.114244	-0.00296416	0.00173186	-0.000530543
7149.7646	7016.359	9503.925	1.00713646	49.62489319	0.99457908	0.11538582999999998	-0.0120135807	0.018329453500000002	-0.0424327827	-0.013741015	0.0926042077	-0.07288687690000001	0.0004903125	0.0477360363	-0.0048722442	0.0766521864	-0.0463660544	-0.0513614376	-0.0627752703	0.0519654508	-0.0353063215	0.0146730593	0.0076118246	-0.029039910099999997	0.0	0.007491969999999999	0.223057	0.112331	-0.00367056	0.00164553	-0.000336401
7167.969	7027.715999999999	9513.401	1.03995407	51.2419281	1.02160347	0.21350792999999998	-0.0263295394	0.0880482837	-0.0015510752	0.031085762700000002	0.0153129641	0.0201423984	0.0391676381	-0.049184379900000005	-0.0432411493	0.0279153045	0.004045207	-0.0600619735	-0.0629266692	0.052537652000000004	-0.0364740711	0.0164709454	0.0053111984	-0.0265196824	0.0	0.0188237	0.113303	0.084224	-0.00289276	0.00188086	-0.000609575
7164.041	7033.132	9515.638	1.03237081	50.86827087	1.00866544	0.08691840000000002	0.0843079611	-0.0224631908	0.038619180499999996	0.0932803111	-0.0137268274	0.0131686404	-0.0859560767	-0.0342264425	-0.0039996354	-0.0720370421	0.0069321238	-0.054686939299999994	-0.0630750281	0.053099701299999996	-0.0376259632	0.0182561012	0.0030041584000000004	-0.023953341	0.0	0.0146599	0.14452	0.120681	-0.00303883	0.00195004	-0.000523213
7174.281	7019.5874	9536.827	1.05645049	52.05475616	1.03263617	0.11076198000000001	0.0778207226	-0.057208991699999996	-0.045918134400000005	-0.0467618113	0.0631670902	0.0427133515	-0.06528322389999999	0.0917773318	0.031654515	0.0493285332	0.0819126755	-0.049329813	-0.0632203401	0.0536514901	-0.0387614971	0.0200271473	0.0006934905999999999	-0.0213453483	0.0	0.00927412	0.20119	0.122641	-0.00378711	0.00188792	-0.000398689
7167.3555	7022.2876	9549.485	1.04415166	51.44875336	1.02343464	0.24311408000000004	0.0290353025	0.021940406099999997	-0.019836388400000002	-0.0704507096	-0.0718487893	-0.0040637449	-0.0014173013	-0.029916004700000002	0.013037923600000001	0.053912618499999995	0.0773557133	0.030672567999999997	-0.0633625979	0.0541929118	-0.039880179	0.0217827146	-0.0016180145999999999	-0.0187002392	0.0	0.0187898	0.0988794	0.0663764	-0.00257366	0.00199524	-0.000578383
7165.76	7036.911999999999	9555.588	1.02161932	50.33851242	1.00116551	0.10419374999999996	0.042952412999999995	0.0537795274	0.05654792610000001	-0.0400275996	-0.0602781737	0.0132760242	-0.0445631237	-0.0537932957	-0.0567584913	-0.008722794300000001	0.0370473489	0.06514462019999999	-0.0635017949	0.054723861799999995	-0.0409815226	0.0235214464	-0.0039275659	-0.0160226132	0.0	0.0118357	0.14064	0.0991522	-0.00282024	0.00197329	-0.000392848
7169.2373	7029.2793	9556.218	1.04932308	51.7035675	1.02614427	0.11618205000000002	-0.019033007	-0.0744181751	0.0830744034	-0.08677926789999998	-0.0281542369	-0.0464135991	0.021048189199999998	0.0830004971	-0.044041315	-0.0423398098	0.026199487799999997	0.0337920008	-0.0636379241	0.0552442375	-0.0420650491	0.0252419988	-0.0062323743	-0.013317126200000001	0.0	0.0120206	0.194683	0.107198	-0.00354906	0.00179224	-0.000561145
7170.899	7036.688	9545.885	1.03749633	51.12082291	1.01571369	0.1869437	-0.0655924718	-0.047601385700000005	-0.0143906551	-0.0064852814	-0.0732671167	0.0261170407	0.0802005907	-0.0152203351	0.0657161964	-0.041449436400000005	0.010705170200000001	0.0768418024	-0.0637709792	0.0557539383	-0.04313028730000001	0.026943042099999998	-0.008529656600000001	-0.0105884827	0.0	0.0187677	0.10451	0.0727889	-0.00267668	0.00192547	-0.000667825
7157.4155	7056.8394	9540.355	1.04870641	51.67317963	1.02865064	0.1892608	0.0025501347	0.0004552833	-0.0784584171	0.0396070368	0.028698556400000002	-0.0098725036	-0.0188961894	-0.0298256677	0.051932558200000006	0.0197415877	-0.1129638803	0.0298750044	-0.0639009535	0.0562528657	-0.0441767743	0.0286232615	-0.010816638600000001	-0.0078414274	0.0	0.0136149	0.174734	0.138832	-0.00337518	0.00198122	-0.000465257
7180.629	7035.4316	9531.561	1.06161606	52.30928421	1.03695655	0.05607187999999999	-0.05225323900000001	0.041162208	-0.014351630800000001	-0.026804158300000002	0.0712682624	-0.0162391796	0.0575515938	0.01634477	-0.034443001	0.0668086853	-0.0363524992	-0.0410203321	-0.064027841	0.0567409233	-0.045204054900000006	0.0302813584	-0.0130905585	-0.005080737100000001	0.0	0.00989432	0.179252	0.0985543	-0.00345856	0.00196456	-0.000516329
7166.472	7045.335	9519.530999999999	1.02639139	50.57365036	1.00660133	0.09978277999999993	-0.0352622092	0.0288846711	0.0409448217	0.0684143054	0.0307354393	0.0791071565	0.0432548467	-0.040062185800000004	-0.0242112687	-0.0555959036	-0.0387134624	-0.029136468199999998	-0.06415163530000001	0.0572180169	-0.0462116826	0.0319160513	-0.0153486704	-0.0023112121	0.0	0.0160433	0.129282	0.0982616	-0.00277236	0.00202229	-0.000639821
7190.4087	7057.4175	9527.101	1.0714277	52.79273224	1.047086	0.22529005	0.0497220643	-0.0569343978	-0.017395885700000002	0.0791844319	0.048779879400000004	-0.026010677200000002	-0.06815179440000001	0.0179230189	0.0401101788	-0.07738438389999999	-0.0756658606	0.0026906671999999995	-0.0642723306	0.0576840542	-0.0471992193	0.0335260768	-0.0175882474	0.0004623318	0.0	0.014305	0.222255	0.172799	-0.00381672	0.00197254	-0.000613104
7180.113	7018.3105	9515.02	1.05217946	51.84431076	1.03095961	0.06584321000000003	-0.0327016225	-0.0429566776	-0.052653668	-0.035123685099999996	0.053432137000000005	-0.0410389411	0.022283953199999998	0.0766224548	0.0371871781	0.0617327458	-0.0348870908	-0.0316009291	-0.0643899211	0.05813894519999999	-0.048166235700000004	0.0351101904	-0.019806585	0.0032350716999999998	0.0	0.00938264	0.241734	0.148535	-0.00407315	0.00204518	-0.000598617
7166.05	7024.3086	9504.261	1.02082598	50.2994194	1.00569475	0.13807606	0.0015928595999999998	0.0799179554	-0.0024808626	0.0143418652	-0.0290732489	-0.0340643972	0.0045918204	-0.0654809316	-0.038267727200000004	0.0411549842	-0.0193827973	-0.0064707847	-0.0645044009	0.0585826019	-0.0491123114	0.0366671679	-0.0220010045	0.0060021863	0.0	0.0132126	0.165189	0.128483	-0.00344978	0.00199013	-0.000673179
7144.215999999999	7022.491	9504.405	1.00826216	49.68035889	0.99343258	0.07978318999999998	0.0739481441	0.0070617563	0.0586379983	0.0545255283	0.0240081367	0.005680270899999999	-0.0739431082	-0.0375649916	-0.0345431731	-0.0555205746	-0.008909785	-0.0194735408	-0.0646157647	0.0590149387	-0.0500370349	0.038195806	-0.0241688557	0.008758864	0.0	0.00878536	0.199341	0.159784	-0.00343885	0.00201777	-0.00051369
7154.508000000001	7014.8804	9508.483	1.01812422	50.16629791	1.00310385	0.11996694000000002	0.011702396399999999	-0.0857440785	0.023858047599999998	-0.0373296512	0.0204576555	-0.0666405521	-0.0117205851	0.09118232710000002	0.0075996308	-0.027532372700000002	0.0227671069	-0.016527398000000002	-0.064724007	0.059435872	-0.0509400044	0.039694923	-0.0263075209	0.0115003113	0.0	0.0104693	0.271227	0.142815	-0.00394623	0.00195924	-0.00049104
7163.084	7027.065	9521.241	1.04305673	51.39480591	1.02535629	0.2317678	-0.0079759838	-0.0295056769	-0.0668919728	-0.0122473197	-0.0337569775	0.0411037162	0.022871754900000003	0.0104871945	0.0569901714	0.0271585182	0.0460148515	0.012964156999999999	-0.0648291226	0.0598453205	-0.051820827199999996	0.0411633604	-0.028414417400000003	0.0142217614	0.0	0.0127933	0.149568	0.08788709999999998	-0.00302908	0.00184396	-0.000466332
7178.619000000001	7046.066	9526.593	1.01400387	49.96327209	0.99631864	0.06604650000000001	0.06823505099999999	0.057468785700000004	-0.0375444461	-0.0178654957	-0.0959779685	-0.0718644282	-0.04841186	-0.0775855757	0.0151915704	0.051403329299999995	0.0198640586	0.0403570498	-0.0649311064	0.060243205	-0.0526791203	0.0425999833	-0.030487001	0.0169184818	0.0	0.0187118	0.13886	0.10761200000000001	-0.00292149	0.00217395	-0.000622654
7177.32	7031.9897	9534.769	1.08735657	53.57760239	1.06022131	0.21409309999999998	0.06366557099999999	0.0374916642	0.0469513317	-0.045503761100000005	0.0099161215	-0.0571213372	-0.0744537284	0.0255169306	-0.0750063114	0.026767735600000002	0.0008556746	0.0025048128	-0.0650299535	0.0606294487	-0.053514510700000004	0.0440036813	-0.0325227688	0.0195857836	0.0	0.015495	0.238311	0.164228	-0.00398574	0.00216291	-0.00064355
7132.9053	7018.246	9536.228000000001	1.04733622	51.60566711	1.02446258	0.19505475	0.025399322000000002	-0.0133487746	0.07204700900000001	-0.025720328599999998	-0.0340544926	0.0627494887	0.0024646573	-0.011149298799999999	-0.0385384852	-0.0330887022	0.0868822818	0.023162864300000002	-0.0651256591	0.061003977	-0.0543266351	0.0453733696	-0.0345192625	0.0222190286	0.0	0.0186476	0.14267800000000003	0.105516	-0.00331156	0.0022203	-0.000623977
7188.005999999999	7029.3369999999995	9546.87	1.03507853	51.00169373	1.00402319	0.07506615000000005	0.0731193275	-0.0479814095	-0.017916843000000002	-0.0134798926	-0.0010311503	0.09551113720000001	-0.060880915	0.0097886686	0.062070991	-0.0370143051	0.0265355466	0.055074957	-0.0652182186	0.0613667174	-0.0551151404	0.046707989400000004	-0.0364740711	0.024813638	0.0	0.0186361	0.178268	0.137447	-0.00340325	0.00220142	-0.000583874
7175.031999999999	7014.2266	9551.675	1.03196263	50.8481636	1.01381004	0.0320606	0.0091078228	-0.0105363621	-0.041579200499999996	-0.09709600380000001	0.022492088599999998	0.0184733327	0.013103689299999999	0.0343413084	0.0090586076	0.06529419269999999	0.0582465316	0.0687632411	-0.0653076276	0.0617175998	-0.0558796839	0.0480065093	-0.038384834	0.0273651002	0.0	0.01862	0.18586	0.128101	-0.00355835	0.00217363	-0.000703114
7195.017	7029.6465	9542.753	1.01573169	50.04840851	1.00077438	0.08038084999999998	-0.008248429	0.0727286472	0.0186790872	-0.025749274300000003	-0.054049852999999995	0.0512051442	0.0113860714	-0.0670011328	-0.0280893763	0.017754118	0.0081442325	0.09668003130000001	-0.0653938816	0.0620565566	-0.0566199331	0.0492679257	-0.0402492438	0.0298689786	0.0	0.0186307	0.144134	0.136147	-0.00305392	0.00219931	-0.000784967
7171.701	7033.852	9543.714	1.06405747	52.42958069	1.0355252	0.2258293	0.0272160299	-0.027354415299999997	0.0706729175	0.013160776899999999	0.0646780159	0.015782942299999998	-0.0344670881	0.042519217699999994	-0.0613506776	-0.0446248764	-0.0312845174	0.057927637000000004	-0.0654769766	0.0623835221	-0.0573355663	0.050491263700000004	-0.0420650491	0.0323209192	0.0	0.0186789	0.249108	0.191907	-0.00412249	0.0020997	-0.000652205
7183.726	7031.38	9539.231	1.05152118	51.81187439	1.0288831	0.2003632	-0.0498310066	-0.0723040986	0.0131391232	-0.03212273	-0.0501581342	-0.0216397736	0.0521133903	0.05539405	0.028876477799999998	-0.0258091198	0.044410353799999996	0.0395920757	-0.0655569085	0.0626984332	-0.0580262722	0.051675577699999996	-0.043830057	0.0347166586	0.0	0.0186268	0.165003	0.119606	-0.00334371	0.00214232	-0.000708907
7173.254	7037.302	9526.093	0.9913972	48.84936905	0.98316503	0.049467350000000014	-0.0204733719	-0.0082263513	-0.0671208747	0.0009267697	-0.0090483717	0.0240179448	0.0172347199	-0.0387631717	0.07308758110000001	0.0213013197	-0.0479320416	0.039094323199999996	-0.06563367349999999	0.0630012291	-0.058691750599999995	0.0528199524	-0.0455421363	0.0370520308	0.0	0.0164797	0.1469	0.12991200000000003	-0.00305604	0.00221457	-0.000690602
7148.9136	7025.0786	9520.719000000001	1.03709126	51.10086441	1.02451122	0.24345445	-0.0134313984	0.0405554426	-0.0038651273	-0.0039377246	0.0579002132	-0.0591450253	-0.021020388199999997	0.0217541198	-0.0442015211	0.024980136	-0.09200886380000001	-0.0287042333	-0.0657072678	0.0632918512	-0.0593317122	0.053923503399999996	-0.0471992193	0.0393229751	0.0	0.0109691	0.27587	0.169802	-0.00412782	0.00204389	-0.000551385
7205.273	7033.726	9526.994	1.04973626	51.72392654	1.03100097	0.2082864	-0.0744392792	0.0198307101	0.0562434705	0.039504036	0.0393248589	0.0598663029	0.0824568859	0.0074387032	-0.0639930775	-0.0107134276	-0.017975794	-0.0596773833	-0.0657776879	0.0635702434	-0.0599458788	0.054985377800000006	-0.048799305099999996	0.0415255426	0.0	0.0115348	0.176644	0.10599	-0.00343053	0.00221946	-0.000530591
7150.314	7039.3047	9504.848	1.00378358	49.45969009	0.99278945	0.06490480000000001	-0.0261150183	-0.0393819798	-0.006376061800000001	0.08781910279999999	-0.0518647555	-0.0009195081	0.0326906217	-0.013033177	0.058801981100000004	-0.0739955709	0.0024782128	-0.0371819217	-0.0658449304	0.0638363518	-0.0605339832	0.0560047547	-0.050340461399999994	0.0436559033	0.0	0.0186123	0.146615	0.103265	-0.00302182	0.00222433	-0.000618477
7144.4766	7033.366	9500.419	1.03391778	50.94449615	1.01774347	0.19688955	0.0190507873	-0.0112581613	-0.07485869099999999	0.0398313673	0.0774924506	-0.018238630500000002	-0.0621929571	0.0213720928	0.0637096295	0.0174615142	-0.0672136642	-0.0414728011	-0.0659089921	0.0640901252	-0.0610957699	0.0569808464	-0.051820827199999996	0.0457103529	0.0	0.0154951	0.243757	0.154776	-0.00377815	0.00210703	-0.00058972
7170.794	7029.6914	9506.036	1.02755272	50.63087082	1.00983429	0.12176769999999998	-0.039186936299999996	0.0517311366	-0.034542340299999995	-0.0140116878	0.0085646575	-0.0261137585	0.0392045442	-0.009045351	-0.0122263712	0.0640057861	0.0088981909	-0.0528813401	-0.06596986980000001	0.0643315143	-0.0616309946	0.0579128985	-0.0532386146	0.0476853191	0.0	0.01242	0.182086	0.115329	-0.00356251	0.00204722	-0.000513678
7153.245	7036.267	9505.86	1.00008011	49.27720642	0.98606271	0.09975585000000002	0.0237069102	0.0512856499	0.043272602300000004	0.050226052	-0.0286545042	-0.0079634774	-0.011810268	-0.0654426886	-0.0220203806	-0.0302895527	0.0197052299	-0.035776028700000004	-0.0660275606	0.0645604726	-0.0621394246	0.058800190599999996	-0.0545921117	0.0495773675	0.0	0.0185792	0.146857	0.124225	-0.00317909	0.00238526	-0.0007816509999999999
7171.4746	7028.955	9518.6	1.05555987	52.01087189	1.0378269	0.24536270000000004	0.0557252232	-0.0719903418	0.0217856296	0.0341220196	0.0459745009	-0.0371158107	-0.05792613519999999	0.05412623849999999	0.001931719	-0.0236053977	-0.0053702386	-0.0630396516	-0.0660820618	0.0647769559	-0.0626208389	0.0596420368	-0.0558796839	0.051383208300000004	0.0	0.011242	0.261598	0.1706	-0.00420686	0.0021623	-0.000494191
7176.7544	7026.179	9526.417	1.05629039	52.04686737	1.03533649	0.19915005	-0.0334703619	-0.0377544353	-0.0502821596	-0.0437303595	-0.049894002	0.0021690112	0.0386638299	0.0421265212	0.046595648200000006	0.0241918356	0.0594087117	-0.025834358999999998	-0.06613337059999999	0.06498092230000001	-0.0630750281	0.0604377867	-0.057099776500000005	0.053099701299999996	0.0	0.018599	0.167204	0.110432	-0.00367215	0.00217322	-0.000693182
7147.064	7029.119000000001	9513.042	0.98480308	48.52445602	0.9755649	0.05469895	0.0014091893	0.059629704699999994	-0.032370214	0.0090133424	-0.046767141799999995	-0.0282703729	-0.0003808353	-0.0824968346	0.010996323300000001	0.0293687698	0.000264393	-0.0061540291000000006	-0.0661814847	0.0651723324	-0.0635017949	0.061186825099999995	-0.0582509159	0.054723861799999995	0.0	0.0185832	0.1505	0.11779	-0.00313372	0.00221594	-0.000724455
7161.1885	7025.161	9516.995	1.03164423	50.83246994	1.01727211	0.22122320000000004	-0.011298316499999999	0.018454188899999998	0.0552698959	-0.014845615	0.0653934351	-0.0510584938	-0.0217147217	0.0339428179	-0.0747901775	0.0014225244	-0.0200054725	-0.0013519294000000001	-0.0662264016	0.0653511492	-0.0639009535	0.0618885731	-0.0593317122	0.0562528657	0.0	0.0135401	0.254869	0.164182	-0.00423386	0.00213616	-0.000595993
7174.5703	7028.235	9513.394	1.04783273	51.63013458	1.02636635	0.17856914999999998	-0.0680264296	-0.04586292610000001	0.0444860484	0.027201935899999998	-0.0507760999	0.0031407695	0.0685307884	0.0110363519	-0.0074915205	-0.0579525745	0.0256124786	-0.0229458713	-0.0662681193	0.0655173382	-0.0642723306	0.0625424883	-0.0603408602	0.0576840542	0.0	0.0186227	0.163192	0.11557	-0.00379779	0.00221163	-0.000748404
7147.6973	7033.75	9496.468	0.99244672	48.9010849	0.98001534	0.036606	-0.0162009691	-0.0289846716	-0.0546238707	0.0567614771	-0.0148591534	0.0139603218	0.0069156597	-0.0083933331	0.08464812619999999	-0.0259710712	-0.0116099033	-0.022938416200000002	-0.0663066357	0.0656708672	-0.0646157647	0.0631480654	-0.0612771412	0.0590149387	0.0	0.0185991	0.155201	0.110016	-0.00335316	0.0022118	-0.000732456
7147.8154	7026.431	9496.819	1.01480699	50.00284958	1.00666547	0.2298294	0.026159482400000003	0.023851734700000002	-0.043435009299999994	0.0108793965	0.0655554491	-0.07118966269999999	-0.0439294858	0.008048406	0.0037673498	0.0577263323	-0.060036155599999995	-0.0309368056	-0.0663419489	0.0658117066	-0.0649311064	0.0637048363	-0.0621394246	0.060243205	0.0	0.0100169	0.255421	0.172314	-0.00431169	0.00217993	-0.000548272
7179.0283	7033.751	9505.610999999999	1.03110766	50.80603409	1.01715851	0.1893244	-0.0564790638	0.0612119204	0.0115629738	-0.014297974	0.0310816129	0.03253211	0.0630410621	-0.0176565791	-0.042921762599999996	0.043976854	0.025119444100000003	-0.0435005684	-0.0663740572	0.0659398291	-0.0652182186	0.06421237070000001	-0.0629266692	0.0613667174	0.0	0.0138817	0.170746	0.114052	-0.00372217	0.002286	-0.000703134
7141.618	7020.318	9492.423	0.98786277	48.67521667	0.97943228	0.0696455	0.0116792153	0.0025000085	0.030754503500000002	0.08294243379999999	-0.0250166104	0.051876833899999995	-0.0034730316	-0.0507033243	0.0022155462	-0.07158203219999999	0.022595245	-0.0385802606	-0.0664029592	0.0660552101	-0.0654769766	0.0646702763	-0.0636379241	0.0623835221	0.0	0.018607	0.142339	0.126386	-0.00343412	0.00247717	-0.000707498
7176.43	7027.9814	9506.674	1.05574822	52.02015686	1.03314173	0.26460837000000004	0.070350825	-0.0465149108	-0.0295780377	0.0464123187	0.0461271694	0.0293212096	-0.08610477039999999	0.0307744092	0.057765681	-0.0209863458	-0.018939108700000002	-0.06494777780000001	-0.0664286533	0.0661578271	-0.0657072678	0.0650781993	-0.0642723306	0.0632918512	0.0	0.00114483	0.249034	0.188756	-0.00463805	0.0022942	-0.000532774
7157.156999999999	7017.6147	9514.351999999999	1.04485786	51.48355103	1.02557075	0.13846305000000006	0.00785127	0.011224289299999999	-0.0492799408	-0.0651291221	0.004190323	-0.0202532014	0.0025619144	0.023185958599999997	0.0095307571	0.0780075343	0.0366107788	-0.0098259316	-0.0664511384	0.0662476605	-0.0659089921	0.06543582419999999	-0.0648291226	0.0640901252	0.0	0.00248388	0.196578	0.130219	-0.00416439	0.00224836	-0.000529654
7157.5503	7025.763000000001	9517.52	0.98791856	48.67796707	0.98038208	0.10986398999999997	0.0131464687	0.0565464735	0.0188193161	-0.0264969839	-0.0553692671	0.0065674036	0.0031049231	-0.0722734307	-0.0446797012	0.012422941299999999	0.0535531273	0.0174702388	-0.0664704133	0.0663246928	-0.0660820618	0.0657428748	-0.0653076276	0.0647769559	0.0	0.00137379	0.149242	0.113193	-0.0033954	0.00233391	-0.000562952
7144.5933	7031.443	9520.426	1.0175643	50.13870621	1.00314307	0.15596673	0.048033853700000004	-0.0349911957	0.059041313600000006	0.0189168076	-0.0024702766	0.0402707054	-0.053903340999999994	0.0079220791	-0.015864740800000002	-0.0691601817	-0.0021545557	0.011083636000000001	-0.06648647719999999	0.0663889091	-0.0662264016	0.0659991137	-0.0657072678	0.0653511492	0.0	0.00758302	0.216922	0.15158	-0.00420056	0.00227799	-0.000550222
7194.106	7033.1230000000005	9526.601	1.05145335	51.80853271	1.02799869	0.06124140000000002	-0.043000276500000004	-0.0736062311	0.0059953971	-0.07139218929999999	-0.0764282576	0.0061251978	0.049224534	0.05260078940000001	0.0176789995	-0.009679351	0.0563866591	0.0632540962	-0.0664993292	0.0664402971	-0.0663419489	0.0662043429	-0.0660275606	0.0658117066	0.0	0.00241102	0.200143	0.122067	-0.00412598	0.00215708	-0.00055028
7171.1943	7033.8936	9514.96	1.00919008	49.72608185	0.99809271	0.09990185999999998	-0.0363726126	0.026998165299999998	-0.0579980973	-0.0275786223	-0.047747005099999996	0.020334825900000002	0.050434683499999994	-0.0533388407	0.0242468281	0.030154566400000003	-0.006577121700000001	0.0394041458	-0.0665089688	0.0664788467	-0.0664286533	0.0663584038	-0.0662681193	0.0661578271	0.0	0.00559993	0.15217	0.112295	-0.00346344	0.002231	-0.000507381
7171.9336	7036.1445	9507.769	1.00031388	49.28872681	0.99306661	0.12272878	0.0023586624	0.0681263788	0.0018512620999999998	0.0068162430000000005	0.0239526505	-0.027789430499999997	-0.0137217147	-0.051435065499999995	-0.0229413211	0.0058375593000000005	-0.06761598860000001	0.0201938631	-0.0665153954	0.06650455059999999	-0.06648647719999999	0.0664611772	-0.0664286533	0.0663889091	0.0	0.00782301	0.19709	0.160783	-0.00395636	0.0022624	-0.000525015
7194.899	7018.4927	9498.581	1.02766526	50.63641739	1.01019108	0.07496374000000003	-0.0721058488	-0.0025848428	0.0613279321	-0.0013685525	0.0570071283	-0.0390492006	0.0463541554	0.0449262743	-0.062232841100000005	-0.0148023826	-0.042067787999999995	-0.014486673200000001	-0.0665186088	0.0665174038	-0.0665153954	0.0665125838	-0.0665089688	0.06650455059999999	0.0	0.0139092	0.239355	0.153521	-0.00410784	0.00228537	-0.000737576
